
L5L5L5 0
  1   4   6   4   1 
  4  16  24  16   4 
  6  24  36  24   6 
  4  16  24  16   4 
  1   4   6   4   1 

  4  16  24  16   4 
 16  64  96  64  16 
 24  96 144  96  24 
 16  64  96  64  16 
  4  16  24  16   4 

  6  24  36  24   6 
 24  96 144  96  24 
 36 144 216 144  36 
 24  96 144  96  24 
  6  24  36  24   6 

  4  16  24  16   4 
 16  64  96  64  16 
 24  96 144  96  24 
 16  64  96  64  16 
  4  16  24  16   4 

  1   4   6   4   1 
  4  16  24  16   4 
  6  24  36  24   6 
  4  16  24  16   4 
  1   4   6   4   1 


L5L5E5 1
 -1  -2   0   2   1 
 -4  -8   0   8   4 
 -6 -12   0  12   6 
 -4  -8   0   8   4 
 -1  -2   0   2   1 

 -4  -8   0   8   4 
-16 -32   0  32  16 
-24 -48   0  48  24 
-16 -32   0  32  16 
 -4  -8   0   8   4 

 -6 -12   0  12   6 
-24 -48   0  48  24 
-36 -72   0  72  36 
-24 -48   0  48  24 
 -6 -12   0  12   6 

 -4  -8   0   8   4 
-16 -32   0  32  16 
-24 -48   0  48  24 
-16 -32   0  32  16 
 -4  -8   0   8   4 

 -1  -2   0   2   1 
 -4  -8   0   8   4 
 -6 -12   0  12   6 
 -4  -8   0   8   4 
 -1  -2   0   2   1 


L5L5S5 2
 -1   0   2   0  -1 
 -4   0   8   0  -4 
 -6   0  12   0  -6 
 -4   0   8   0  -4 
 -1   0   2   0  -1 

 -4   0   8   0  -4 
-16   0  32   0 -16 
-24   0  48   0 -24 
-16   0  32   0 -16 
 -4   0   8   0  -4 

 -6   0  12   0  -6 
-24   0  48   0 -24 
-36   0  72   0 -36 
-24   0  48   0 -24 
 -6   0  12   0  -6 

 -4   0   8   0  -4 
-16   0  32   0 -16 
-24   0  48   0 -24 
-16   0  32   0 -16 
 -4   0   8   0  -4 

 -1   0   2   0  -1 
 -4   0   8   0  -4 
 -6   0  12   0  -6 
 -4   0   8   0  -4 
 -1   0   2   0  -1 


L5L5R5 3
  1  -4   6  -4   1 
  4 -16  24 -16   4 
  6 -24  36 -24   6 
  4 -16  24 -16   4 
  1  -4   6  -4   1 

  4 -16  24 -16   4 
 16 -64  96 -64  16 
 24 -96 144 -96  24 
 16 -64  96 -64  16 
  4 -16  24 -16   4 

  6 -24  36 -24   6 
 24 -96 144 -96  24 
 36 -144 216 -144  36 
 24 -96 144 -96  24 
  6 -24  36 -24   6 

  4 -16  24 -16   4 
 16 -64  96 -64  16 
 24 -96 144 -96  24 
 16 -64  96 -64  16 
  4 -16  24 -16   4 

  1  -4   6  -4   1 
  4 -16  24 -16   4 
  6 -24  36 -24   6 
  4 -16  24 -16   4 
  1  -4   6  -4   1 


L5L5W5 4
 -1   2   0  -2   1 
 -4   8   0  -8   4 
 -6  12   0 -12   6 
 -4   8   0  -8   4 
 -1   2   0  -2   1 

 -4   8   0  -8   4 
-16  32   0 -32  16 
-24  48   0 -48  24 
-16  32   0 -32  16 
 -4   8   0  -8   4 

 -6  12   0 -12   6 
-24  48   0 -48  24 
-36  72   0 -72  36 
-24  48   0 -48  24 
 -6  12   0 -12   6 

 -4   8   0  -8   4 
-16  32   0 -32  16 
-24  48   0 -48  24 
-16  32   0 -32  16 
 -4   8   0  -8   4 

 -1   2   0  -2   1 
 -4   8   0  -8   4 
 -6  12   0 -12   6 
 -4   8   0  -8   4 
 -1   2   0  -2   1 


L5E5L5 5
 -1  -4  -6  -4  -1 
 -2  -8 -12  -8  -2 
  0   0   0   0   0 
  2   8  12   8   2 
  1   4   6   4   1 

 -4 -16 -24 -16  -4 
 -8 -32 -48 -32  -8 
  0   0   0   0   0 
  8  32  48  32   8 
  4  16  24  16   4 

 -6 -24 -36 -24  -6 
-12 -48 -72 -48 -12 
  0   0   0   0   0 
 12  48  72  48  12 
  6  24  36  24   6 

 -4 -16 -24 -16  -4 
 -8 -32 -48 -32  -8 
  0   0   0   0   0 
  8  32  48  32   8 
  4  16  24  16   4 

 -1  -4  -6  -4  -1 
 -2  -8 -12  -8  -2 
  0   0   0   0   0 
  2   8  12   8   2 
  1   4   6   4   1 


L5E5E5 6
  1   2   0  -2  -1 
  2   4   0  -4  -2 
  0   0   0   0   0 
 -2  -4   0   4   2 
 -1  -2   0   2   1 

  4   8   0  -8  -4 
  8  16   0 -16  -8 
  0   0   0   0   0 
 -8 -16   0  16   8 
 -4  -8   0   8   4 

  6  12   0 -12  -6 
 12  24   0 -24 -12 
  0   0   0   0   0 
-12 -24   0  24  12 
 -6 -12   0  12   6 

  4   8   0  -8  -4 
  8  16   0 -16  -8 
  0   0   0   0   0 
 -8 -16   0  16   8 
 -4  -8   0   8   4 

  1   2   0  -2  -1 
  2   4   0  -4  -2 
  0   0   0   0   0 
 -2  -4   0   4   2 
 -1  -2   0   2   1 


L5E5S5 7
  1   0  -2   0   1 
  2   0  -4   0   2 
  0   0   0   0   0 
 -2   0   4   0  -2 
 -1   0   2   0  -1 

  4   0  -8   0   4 
  8   0 -16   0   8 
  0   0   0   0   0 
 -8   0  16   0  -8 
 -4   0   8   0  -4 

  6   0 -12   0   6 
 12   0 -24   0  12 
  0   0   0   0   0 
-12   0  24   0 -12 
 -6   0  12   0  -6 

  4   0  -8   0   4 
  8   0 -16   0   8 
  0   0   0   0   0 
 -8   0  16   0  -8 
 -4   0   8   0  -4 

  1   0  -2   0   1 
  2   0  -4   0   2 
  0   0   0   0   0 
 -2   0   4   0  -2 
 -1   0   2   0  -1 


L5E5R5 8
 -1   4  -6   4  -1 
 -2   8 -12   8  -2 
  0   0   0   0   0 
  2  -8  12  -8   2 
  1  -4   6  -4   1 

 -4  16 -24  16  -4 
 -8  32 -48  32  -8 
  0   0   0   0   0 
  8 -32  48 -32   8 
  4 -16  24 -16   4 

 -6  24 -36  24  -6 
-12  48 -72  48 -12 
  0   0   0   0   0 
 12 -48  72 -48  12 
  6 -24  36 -24   6 

 -4  16 -24  16  -4 
 -8  32 -48  32  -8 
  0   0   0   0   0 
  8 -32  48 -32   8 
  4 -16  24 -16   4 

 -1   4  -6   4  -1 
 -2   8 -12   8  -2 
  0   0   0   0   0 
  2  -8  12  -8   2 
  1  -4   6  -4   1 


L5E5W5 9
  1  -2   0   2  -1 
  2  -4   0   4  -2 
  0   0   0   0   0 
 -2   4   0  -4   2 
 -1   2   0  -2   1 

  4  -8   0   8  -4 
  8 -16   0  16  -8 
  0   0   0   0   0 
 -8  16   0 -16   8 
 -4   8   0  -8   4 

  6 -12   0  12  -6 
 12 -24   0  24 -12 
  0   0   0   0   0 
-12  24   0 -24  12 
 -6  12   0 -12   6 

  4  -8   0   8  -4 
  8 -16   0  16  -8 
  0   0   0   0   0 
 -8  16   0 -16   8 
 -4   8   0  -8   4 

  1  -2   0   2  -1 
  2  -4   0   4  -2 
  0   0   0   0   0 
 -2   4   0  -4   2 
 -1   2   0  -2   1 


L5S5L5 10
 -1  -4  -6  -4  -1 
  0   0   0   0   0 
  2   8  12   8   2 
  0   0   0   0   0 
 -1  -4  -6  -4  -1 

 -4 -16 -24 -16  -4 
  0   0   0   0   0 
  8  32  48  32   8 
  0   0   0   0   0 
 -4 -16 -24 -16  -4 

 -6 -24 -36 -24  -6 
  0   0   0   0   0 
 12  48  72  48  12 
  0   0   0   0   0 
 -6 -24 -36 -24  -6 

 -4 -16 -24 -16  -4 
  0   0   0   0   0 
  8  32  48  32   8 
  0   0   0   0   0 
 -4 -16 -24 -16  -4 

 -1  -4  -6  -4  -1 
  0   0   0   0   0 
  2   8  12   8   2 
  0   0   0   0   0 
 -1  -4  -6  -4  -1 


L5S5E5 11
  1   2   0  -2  -1 
  0   0   0   0   0 
 -2  -4   0   4   2 
  0   0   0   0   0 
  1   2   0  -2  -1 

  4   8   0  -8  -4 
  0   0   0   0   0 
 -8 -16   0  16   8 
  0   0   0   0   0 
  4   8   0  -8  -4 

  6  12   0 -12  -6 
  0   0   0   0   0 
-12 -24   0  24  12 
  0   0   0   0   0 
  6  12   0 -12  -6 

  4   8   0  -8  -4 
  0   0   0   0   0 
 -8 -16   0  16   8 
  0   0   0   0   0 
  4   8   0  -8  -4 

  1   2   0  -2  -1 
  0   0   0   0   0 
 -2  -4   0   4   2 
  0   0   0   0   0 
  1   2   0  -2  -1 


L5S5S5 12
  1   0  -2   0   1 
  0   0   0   0   0 
 -2   0   4   0  -2 
  0   0   0   0   0 
  1   0  -2   0   1 

  4   0  -8   0   4 
  0   0   0   0   0 
 -8   0  16   0  -8 
  0   0   0   0   0 
  4   0  -8   0   4 

  6   0 -12   0   6 
  0   0   0   0   0 
-12   0  24   0 -12 
  0   0   0   0   0 
  6   0 -12   0   6 

  4   0  -8   0   4 
  0   0   0   0   0 
 -8   0  16   0  -8 
  0   0   0   0   0 
  4   0  -8   0   4 

  1   0  -2   0   1 
  0   0   0   0   0 
 -2   0   4   0  -2 
  0   0   0   0   0 
  1   0  -2   0   1 


L5S5R5 13
 -1   4  -6   4  -1 
  0   0   0   0   0 
  2  -8  12  -8   2 
  0   0   0   0   0 
 -1   4  -6   4  -1 

 -4  16 -24  16  -4 
  0   0   0   0   0 
  8 -32  48 -32   8 
  0   0   0   0   0 
 -4  16 -24  16  -4 

 -6  24 -36  24  -6 
  0   0   0   0   0 
 12 -48  72 -48  12 
  0   0   0   0   0 
 -6  24 -36  24  -6 

 -4  16 -24  16  -4 
  0   0   0   0   0 
  8 -32  48 -32   8 
  0   0   0   0   0 
 -4  16 -24  16  -4 

 -1   4  -6   4  -1 
  0   0   0   0   0 
  2  -8  12  -8   2 
  0   0   0   0   0 
 -1   4  -6   4  -1 


L5S5W5 14
  1  -2   0   2  -1 
  0   0   0   0   0 
 -2   4   0  -4   2 
  0   0   0   0   0 
  1  -2   0   2  -1 

  4  -8   0   8  -4 
  0   0   0   0   0 
 -8  16   0 -16   8 
  0   0   0   0   0 
  4  -8   0   8  -4 

  6 -12   0  12  -6 
  0   0   0   0   0 
-12  24   0 -24  12 
  0   0   0   0   0 
  6 -12   0  12  -6 

  4  -8   0   8  -4 
  0   0   0   0   0 
 -8  16   0 -16   8 
  0   0   0   0   0 
  4  -8   0   8  -4 

  1  -2   0   2  -1 
  0   0   0   0   0 
 -2   4   0  -4   2 
  0   0   0   0   0 
  1  -2   0   2  -1 


L5R5L5 15
  1   4   6   4   1 
 -4 -16 -24 -16  -4 
  6  24  36  24   6 
 -4 -16 -24 -16  -4 
  1   4   6   4   1 

  4  16  24  16   4 
-16 -64 -96 -64 -16 
 24  96 144  96  24 
-16 -64 -96 -64 -16 
  4  16  24  16   4 

  6  24  36  24   6 
-24 -96 -144 -96 -24 
 36 144 216 144  36 
-24 -96 -144 -96 -24 
  6  24  36  24   6 

  4  16  24  16   4 
-16 -64 -96 -64 -16 
 24  96 144  96  24 
-16 -64 -96 -64 -16 
  4  16  24  16   4 

  1   4   6   4   1 
 -4 -16 -24 -16  -4 
  6  24  36  24   6 
 -4 -16 -24 -16  -4 
  1   4   6   4   1 


L5R5E5 16
 -1  -2   0   2   1 
  4   8   0  -8  -4 
 -6 -12   0  12   6 
  4   8   0  -8  -4 
 -1  -2   0   2   1 

 -4  -8   0   8   4 
 16  32   0 -32 -16 
-24 -48   0  48  24 
 16  32   0 -32 -16 
 -4  -8   0   8   4 

 -6 -12   0  12   6 
 24  48   0 -48 -24 
-36 -72   0  72  36 
 24  48   0 -48 -24 
 -6 -12   0  12   6 

 -4  -8   0   8   4 
 16  32   0 -32 -16 
-24 -48   0  48  24 
 16  32   0 -32 -16 
 -4  -8   0   8   4 

 -1  -2   0   2   1 
  4   8   0  -8  -4 
 -6 -12   0  12   6 
  4   8   0  -8  -4 
 -1  -2   0   2   1 


L5R5S5 17
 -1   0   2   0  -1 
  4   0  -8   0   4 
 -6   0  12   0  -6 
  4   0  -8   0   4 
 -1   0   2   0  -1 

 -4   0   8   0  -4 
 16   0 -32   0  16 
-24   0  48   0 -24 
 16   0 -32   0  16 
 -4   0   8   0  -4 

 -6   0  12   0  -6 
 24   0 -48   0  24 
-36   0  72   0 -36 
 24   0 -48   0  24 
 -6   0  12   0  -6 

 -4   0   8   0  -4 
 16   0 -32   0  16 
-24   0  48   0 -24 
 16   0 -32   0  16 
 -4   0   8   0  -4 

 -1   0   2   0  -1 
  4   0  -8   0   4 
 -6   0  12   0  -6 
  4   0  -8   0   4 
 -1   0   2   0  -1 


L5R5R5 18
  1  -4   6  -4   1 
 -4  16 -24  16  -4 
  6 -24  36 -24   6 
 -4  16 -24  16  -4 
  1  -4   6  -4   1 

  4 -16  24 -16   4 
-16  64 -96  64 -16 
 24 -96 144 -96  24 
-16  64 -96  64 -16 
  4 -16  24 -16   4 

  6 -24  36 -24   6 
-24  96 -144  96 -24 
 36 -144 216 -144  36 
-24  96 -144  96 -24 
  6 -24  36 -24   6 

  4 -16  24 -16   4 
-16  64 -96  64 -16 
 24 -96 144 -96  24 
-16  64 -96  64 -16 
  4 -16  24 -16   4 

  1  -4   6  -4   1 
 -4  16 -24  16  -4 
  6 -24  36 -24   6 
 -4  16 -24  16  -4 
  1  -4   6  -4   1 


L5R5W5 19
 -1   2   0  -2   1 
  4  -8   0   8  -4 
 -6  12   0 -12   6 
  4  -8   0   8  -4 
 -1   2   0  -2   1 

 -4   8   0  -8   4 
 16 -32   0  32 -16 
-24  48   0 -48  24 
 16 -32   0  32 -16 
 -4   8   0  -8   4 

 -6  12   0 -12   6 
 24 -48   0  48 -24 
-36  72   0 -72  36 
 24 -48   0  48 -24 
 -6  12   0 -12   6 

 -4   8   0  -8   4 
 16 -32   0  32 -16 
-24  48   0 -48  24 
 16 -32   0  32 -16 
 -4   8   0  -8   4 

 -1   2   0  -2   1 
  4  -8   0   8  -4 
 -6  12   0 -12   6 
  4  -8   0   8  -4 
 -1   2   0  -2   1 


L5W5L5 20
 -1  -4  -6  -4  -1 
  2   8  12   8   2 
  0   0   0   0   0 
 -2  -8 -12  -8  -2 
  1   4   6   4   1 

 -4 -16 -24 -16  -4 
  8  32  48  32   8 
  0   0   0   0   0 
 -8 -32 -48 -32  -8 
  4  16  24  16   4 

 -6 -24 -36 -24  -6 
 12  48  72  48  12 
  0   0   0   0   0 
-12 -48 -72 -48 -12 
  6  24  36  24   6 

 -4 -16 -24 -16  -4 
  8  32  48  32   8 
  0   0   0   0   0 
 -8 -32 -48 -32  -8 
  4  16  24  16   4 

 -1  -4  -6  -4  -1 
  2   8  12   8   2 
  0   0   0   0   0 
 -2  -8 -12  -8  -2 
  1   4   6   4   1 


L5W5E5 21
  1   2   0  -2  -1 
 -2  -4   0   4   2 
  0   0   0   0   0 
  2   4   0  -4  -2 
 -1  -2   0   2   1 

  4   8   0  -8  -4 
 -8 -16   0  16   8 
  0   0   0   0   0 
  8  16   0 -16  -8 
 -4  -8   0   8   4 

  6  12   0 -12  -6 
-12 -24   0  24  12 
  0   0   0   0   0 
 12  24   0 -24 -12 
 -6 -12   0  12   6 

  4   8   0  -8  -4 
 -8 -16   0  16   8 
  0   0   0   0   0 
  8  16   0 -16  -8 
 -4  -8   0   8   4 

  1   2   0  -2  -1 
 -2  -4   0   4   2 
  0   0   0   0   0 
  2   4   0  -4  -2 
 -1  -2   0   2   1 


L5W5S5 22
  1   0  -2   0   1 
 -2   0   4   0  -2 
  0   0   0   0   0 
  2   0  -4   0   2 
 -1   0   2   0  -1 

  4   0  -8   0   4 
 -8   0  16   0  -8 
  0   0   0   0   0 
  8   0 -16   0   8 
 -4   0   8   0  -4 

  6   0 -12   0   6 
-12   0  24   0 -12 
  0   0   0   0   0 
 12   0 -24   0  12 
 -6   0  12   0  -6 

  4   0  -8   0   4 
 -8   0  16   0  -8 
  0   0   0   0   0 
  8   0 -16   0   8 
 -4   0   8   0  -4 

  1   0  -2   0   1 
 -2   0   4   0  -2 
  0   0   0   0   0 
  2   0  -4   0   2 
 -1   0   2   0  -1 


L5W5R5 23
 -1   4  -6   4  -1 
  2  -8  12  -8   2 
  0   0   0   0   0 
 -2   8 -12   8  -2 
  1  -4   6  -4   1 

 -4  16 -24  16  -4 
  8 -32  48 -32   8 
  0   0   0   0   0 
 -8  32 -48  32  -8 
  4 -16  24 -16   4 

 -6  24 -36  24  -6 
 12 -48  72 -48  12 
  0   0   0   0   0 
-12  48 -72  48 -12 
  6 -24  36 -24   6 

 -4  16 -24  16  -4 
  8 -32  48 -32   8 
  0   0   0   0   0 
 -8  32 -48  32  -8 
  4 -16  24 -16   4 

 -1   4  -6   4  -1 
  2  -8  12  -8   2 
  0   0   0   0   0 
 -2   8 -12   8  -2 
  1  -4   6  -4   1 


L5W5W5 24
  1  -2   0   2  -1 
 -2   4   0  -4   2 
  0   0   0   0   0 
  2  -4   0   4  -2 
 -1   2   0  -2   1 

  4  -8   0   8  -4 
 -8  16   0 -16   8 
  0   0   0   0   0 
  8 -16   0  16  -8 
 -4   8   0  -8   4 

  6 -12   0  12  -6 
-12  24   0 -24  12 
  0   0   0   0   0 
 12 -24   0  24 -12 
 -6  12   0 -12   6 

  4  -8   0   8  -4 
 -8  16   0 -16   8 
  0   0   0   0   0 
  8 -16   0  16  -8 
 -4   8   0  -8   4 

  1  -2   0   2  -1 
 -2   4   0  -4   2 
  0   0   0   0   0 
  2  -4   0   4  -2 
 -1   2   0  -2   1 


E5L5L5 25
 -1  -4  -6  -4  -1 
 -4 -16 -24 -16  -4 
 -6 -24 -36 -24  -6 
 -4 -16 -24 -16  -4 
 -1  -4  -6  -4  -1 

 -2  -8 -12  -8  -2 
 -8 -32 -48 -32  -8 
-12 -48 -72 -48 -12 
 -8 -32 -48 -32  -8 
 -2  -8 -12  -8  -2 

  0   0   0   0   0 
  0   0   0   0   0 
  0   0   0   0   0 
  0   0   0   0   0 
  0   0   0   0   0 

  2   8  12   8   2 
  8  32  48  32   8 
 12  48  72  48  12 
  8  32  48  32   8 
  2   8  12   8   2 

  1   4   6   4   1 
  4  16  24  16   4 
  6  24  36  24   6 
  4  16  24  16   4 
  1   4   6   4   1 


E5L5E5 26
  1   2   0  -2  -1 
  4   8   0  -8  -4 
  6  12   0 -12  -6 
  4   8   0  -8  -4 
  1   2   0  -2  -1 

  2   4   0  -4  -2 
  8  16   0 -16  -8 
 12  24   0 -24 -12 
  8  16   0 -16  -8 
  2   4   0  -4  -2 

  0   0   0   0   0 
  0   0   0   0   0 
  0   0   0   0   0 
  0   0   0   0   0 
  0   0   0   0   0 

 -2  -4   0   4   2 
 -8 -16   0  16   8 
-12 -24   0  24  12 
 -8 -16   0  16   8 
 -2  -4   0   4   2 

 -1  -2   0   2   1 
 -4  -8   0   8   4 
 -6 -12   0  12   6 
 -4  -8   0   8   4 
 -1  -2   0   2   1 


E5L5S5 27
  1   0  -2   0   1 
  4   0  -8   0   4 
  6   0 -12   0   6 
  4   0  -8   0   4 
  1   0  -2   0   1 

  2   0  -4   0   2 
  8   0 -16   0   8 
 12   0 -24   0  12 
  8   0 -16   0   8 
  2   0  -4   0   2 

  0   0   0   0   0 
  0   0   0   0   0 
  0   0   0   0   0 
  0   0   0   0   0 
  0   0   0   0   0 

 -2   0   4   0  -2 
 -8   0  16   0  -8 
-12   0  24   0 -12 
 -8   0  16   0  -8 
 -2   0   4   0  -2 

 -1   0   2   0  -1 
 -4   0   8   0  -4 
 -6   0  12   0  -6 
 -4   0   8   0  -4 
 -1   0   2   0  -1 


E5L5R5 28
 -1   4  -6   4  -1 
 -4  16 -24  16  -4 
 -6  24 -36  24  -6 
 -4  16 -24  16  -4 
 -1   4  -6   4  -1 

 -2   8 -12   8  -2 
 -8  32 -48  32  -8 
-12  48 -72  48 -12 
 -8  32 -48  32  -8 
 -2   8 -12   8  -2 

  0   0   0   0   0 
  0   0   0   0   0 
  0   0   0   0   0 
  0   0   0   0   0 
  0   0   0   0   0 

  2  -8  12  -8   2 
  8 -32  48 -32   8 
 12 -48  72 -48  12 
  8 -32  48 -32   8 
  2  -8  12  -8   2 

  1  -4   6  -4   1 
  4 -16  24 -16   4 
  6 -24  36 -24   6 
  4 -16  24 -16   4 
  1  -4   6  -4   1 


E5L5W5 29
  1  -2   0   2  -1 
  4  -8   0   8  -4 
  6 -12   0  12  -6 
  4  -8   0   8  -4 
  1  -2   0   2  -1 

  2  -4   0   4  -2 
  8 -16   0  16  -8 
 12 -24   0  24 -12 
  8 -16   0  16  -8 
  2  -4   0   4  -2 

  0   0   0   0   0 
  0   0   0   0   0 
  0   0   0   0   0 
  0   0   0   0   0 
  0   0   0   0   0 

 -2   4   0  -4   2 
 -8  16   0 -16   8 
-12  24   0 -24  12 
 -8  16   0 -16   8 
 -2   4   0  -4   2 

 -1   2   0  -2   1 
 -4   8   0  -8   4 
 -6  12   0 -12   6 
 -4   8   0  -8   4 
 -1   2   0  -2   1 


E5E5L5 30
  1   4   6   4   1 
  2   8  12   8   2 
  0   0   0   0   0 
 -2  -8 -12  -8  -2 
 -1  -4  -6  -4  -1 

  2   8  12   8   2 
  4  16  24  16   4 
  0   0   0   0   0 
 -4 -16 -24 -16  -4 
 -2  -8 -12  -8  -2 

  0   0   0   0   0 
  0   0   0   0   0 
  0   0   0   0   0 
  0   0   0   0   0 
  0   0   0   0   0 

 -2  -8 -12  -8  -2 
 -4 -16 -24 -16  -4 
  0   0   0   0   0 
  4  16  24  16   4 
  2   8  12   8   2 

 -1  -4  -6  -4  -1 
 -2  -8 -12  -8  -2 
  0   0   0   0   0 
  2   8  12   8   2 
  1   4   6   4   1 


E5E5E5 31
 -1  -2   0   2   1 
 -2  -4   0   4   2 
  0   0   0   0   0 
  2   4   0  -4  -2 
  1   2   0  -2  -1 

 -2  -4   0   4   2 
 -4  -8   0   8   4 
  0   0   0   0   0 
  4   8   0  -8  -4 
  2   4   0  -4  -2 

  0   0   0   0   0 
  0   0   0   0   0 
  0   0   0   0   0 
  0   0   0   0   0 
  0   0   0   0   0 

  2   4   0  -4  -2 
  4   8   0  -8  -4 
  0   0   0   0   0 
 -4  -8   0   8   4 
 -2  -4   0   4   2 

  1   2   0  -2  -1 
  2   4   0  -4  -2 
  0   0   0   0   0 
 -2  -4   0   4   2 
 -1  -2   0   2   1 


E5E5S5 32
 -1   0   2   0  -1 
 -2   0   4   0  -2 
  0   0   0   0   0 
  2   0  -4   0   2 
  1   0  -2   0   1 

 -2   0   4   0  -2 
 -4   0   8   0  -4 
  0   0   0   0   0 
  4   0  -8   0   4 
  2   0  -4   0   2 

  0   0   0   0   0 
  0   0   0   0   0 
  0   0   0   0   0 
  0   0   0   0   0 
  0   0   0   0   0 

  2   0  -4   0   2 
  4   0  -8   0   4 
  0   0   0   0   0 
 -4   0   8   0  -4 
 -2   0   4   0  -2 

  1   0  -2   0   1 
  2   0  -4   0   2 
  0   0   0   0   0 
 -2   0   4   0  -2 
 -1   0   2   0  -1 


E5E5R5 33
  1  -4   6  -4   1 
  2  -8  12  -8   2 
  0   0   0   0   0 
 -2   8 -12   8  -2 
 -1   4  -6   4  -1 

  2  -8  12  -8   2 
  4 -16  24 -16   4 
  0   0   0   0   0 
 -4  16 -24  16  -4 
 -2   8 -12   8  -2 

  0   0   0   0   0 
  0   0   0   0   0 
  0   0   0   0   0 
  0   0   0   0   0 
  0   0   0   0   0 

 -2   8 -12   8  -2 
 -4  16 -24  16  -4 
  0   0   0   0   0 
  4 -16  24 -16   4 
  2  -8  12  -8   2 

 -1   4  -6   4  -1 
 -2   8 -12   8  -2 
  0   0   0   0   0 
  2  -8  12  -8   2 
  1  -4   6  -4   1 


E5E5W5 34
 -1   2   0  -2   1 
 -2   4   0  -4   2 
  0   0   0   0   0 
  2  -4   0   4  -2 
  1  -2   0   2  -1 

 -2   4   0  -4   2 
 -4   8   0  -8   4 
  0   0   0   0   0 
  4  -8   0   8  -4 
  2  -4   0   4  -2 

  0   0   0   0   0 
  0   0   0   0   0 
  0   0   0   0   0 
  0   0   0   0   0 
  0   0   0   0   0 

  2  -4   0   4  -2 
  4  -8   0   8  -4 
  0   0   0   0   0 
 -4   8   0  -8   4 
 -2   4   0  -4   2 

  1  -2   0   2  -1 
  2  -4   0   4  -2 
  0   0   0   0   0 
 -2   4   0  -4   2 
 -1   2   0  -2   1 


E5S5L5 35
  1   4   6   4   1 
  0   0   0   0   0 
 -2  -8 -12  -8  -2 
  0   0   0   0   0 
  1   4   6   4   1 

  2   8  12   8   2 
  0   0   0   0   0 
 -4 -16 -24 -16  -4 
  0   0   0   0   0 
  2   8  12   8   2 

  0   0   0   0   0 
  0   0   0   0   0 
  0   0   0   0   0 
  0   0   0   0   0 
  0   0   0   0   0 

 -2  -8 -12  -8  -2 
  0   0   0   0   0 
  4  16  24  16   4 
  0   0   0   0   0 
 -2  -8 -12  -8  -2 

 -1  -4  -6  -4  -1 
  0   0   0   0   0 
  2   8  12   8   2 
  0   0   0   0   0 
 -1  -4  -6  -4  -1 


E5S5E5 36
 -1  -2   0   2   1 
  0   0   0   0   0 
  2   4   0  -4  -2 
  0   0   0   0   0 
 -1  -2   0   2   1 

 -2  -4   0   4   2 
  0   0   0   0   0 
  4   8   0  -8  -4 
  0   0   0   0   0 
 -2  -4   0   4   2 

  0   0   0   0   0 
  0   0   0   0   0 
  0   0   0   0   0 
  0   0   0   0   0 
  0   0   0   0   0 

  2   4   0  -4  -2 
  0   0   0   0   0 
 -4  -8   0   8   4 
  0   0   0   0   0 
  2   4   0  -4  -2 

  1   2   0  -2  -1 
  0   0   0   0   0 
 -2  -4   0   4   2 
  0   0   0   0   0 
  1   2   0  -2  -1 


E5S5S5 37
 -1   0   2   0  -1 
  0   0   0   0   0 
  2   0  -4   0   2 
  0   0   0   0   0 
 -1   0   2   0  -1 

 -2   0   4   0  -2 
  0   0   0   0   0 
  4   0  -8   0   4 
  0   0   0   0   0 
 -2   0   4   0  -2 

  0   0   0   0   0 
  0   0   0   0   0 
  0   0   0   0   0 
  0   0   0   0   0 
  0   0   0   0   0 

  2   0  -4   0   2 
  0   0   0   0   0 
 -4   0   8   0  -4 
  0   0   0   0   0 
  2   0  -4   0   2 

  1   0  -2   0   1 
  0   0   0   0   0 
 -2   0   4   0  -2 
  0   0   0   0   0 
  1   0  -2   0   1 


E5S5R5 38
  1  -4   6  -4   1 
  0   0   0   0   0 
 -2   8 -12   8  -2 
  0   0   0   0   0 
  1  -4   6  -4   1 

  2  -8  12  -8   2 
  0   0   0   0   0 
 -4  16 -24  16  -4 
  0   0   0   0   0 
  2  -8  12  -8   2 

  0   0   0   0   0 
  0   0   0   0   0 
  0   0   0   0   0 
  0   0   0   0   0 
  0   0   0   0   0 

 -2   8 -12   8  -2 
  0   0   0   0   0 
  4 -16  24 -16   4 
  0   0   0   0   0 
 -2   8 -12   8  -2 

 -1   4  -6   4  -1 
  0   0   0   0   0 
  2  -8  12  -8   2 
  0   0   0   0   0 
 -1   4  -6   4  -1 


E5S5W5 39
 -1   2   0  -2   1 
  0   0   0   0   0 
  2  -4   0   4  -2 
  0   0   0   0   0 
 -1   2   0  -2   1 

 -2   4   0  -4   2 
  0   0   0   0   0 
  4  -8   0   8  -4 
  0   0   0   0   0 
 -2   4   0  -4   2 

  0   0   0   0   0 
  0   0   0   0   0 
  0   0   0   0   0 
  0   0   0   0   0 
  0   0   0   0   0 

  2  -4   0   4  -2 
  0   0   0   0   0 
 -4   8   0  -8   4 
  0   0   0   0   0 
  2  -4   0   4  -2 

  1  -2   0   2  -1 
  0   0   0   0   0 
 -2   4   0  -4   2 
  0   0   0   0   0 
  1  -2   0   2  -1 


E5R5L5 40
 -1  -4  -6  -4  -1 
  4  16  24  16   4 
 -6 -24 -36 -24  -6 
  4  16  24  16   4 
 -1  -4  -6  -4  -1 

 -2  -8 -12  -8  -2 
  8  32  48  32   8 
-12 -48 -72 -48 -12 
  8  32  48  32   8 
 -2  -8 -12  -8  -2 

  0   0   0   0   0 
  0   0   0   0   0 
  0   0   0   0   0 
  0   0   0   0   0 
  0   0   0   0   0 

  2   8  12   8   2 
 -8 -32 -48 -32  -8 
 12  48  72  48  12 
 -8 -32 -48 -32  -8 
  2   8  12   8   2 

  1   4   6   4   1 
 -4 -16 -24 -16  -4 
  6  24  36  24   6 
 -4 -16 -24 -16  -4 
  1   4   6   4   1 


E5R5E5 41
  1   2   0  -2  -1 
 -4  -8   0   8   4 
  6  12   0 -12  -6 
 -4  -8   0   8   4 
  1   2   0  -2  -1 

  2   4   0  -4  -2 
 -8 -16   0  16   8 
 12  24   0 -24 -12 
 -8 -16   0  16   8 
  2   4   0  -4  -2 

  0   0   0   0   0 
  0   0   0   0   0 
  0   0   0   0   0 
  0   0   0   0   0 
  0   0   0   0   0 

 -2  -4   0   4   2 
  8  16   0 -16  -8 
-12 -24   0  24  12 
  8  16   0 -16  -8 
 -2  -4   0   4   2 

 -1  -2   0   2   1 
  4   8   0  -8  -4 
 -6 -12   0  12   6 
  4   8   0  -8  -4 
 -1  -2   0   2   1 


E5R5S5 42
  1   0  -2   0   1 
 -4   0   8   0  -4 
  6   0 -12   0   6 
 -4   0   8   0  -4 
  1   0  -2   0   1 

  2   0  -4   0   2 
 -8   0  16   0  -8 
 12   0 -24   0  12 
 -8   0  16   0  -8 
  2   0  -4   0   2 

  0   0   0   0   0 
  0   0   0   0   0 
  0   0   0   0   0 
  0   0   0   0   0 
  0   0   0   0   0 

 -2   0   4   0  -2 
  8   0 -16   0   8 
-12   0  24   0 -12 
  8   0 -16   0   8 
 -2   0   4   0  -2 

 -1   0   2   0  -1 
  4   0  -8   0   4 
 -6   0  12   0  -6 
  4   0  -8   0   4 
 -1   0   2   0  -1 


E5R5R5 43
 -1   4  -6   4  -1 
  4 -16  24 -16   4 
 -6  24 -36  24  -6 
  4 -16  24 -16   4 
 -1   4  -6   4  -1 

 -2   8 -12   8  -2 
  8 -32  48 -32   8 
-12  48 -72  48 -12 
  8 -32  48 -32   8 
 -2   8 -12   8  -2 

  0   0   0   0   0 
  0   0   0   0   0 
  0   0   0   0   0 
  0   0   0   0   0 
  0   0   0   0   0 

  2  -8  12  -8   2 
 -8  32 -48  32  -8 
 12 -48  72 -48  12 
 -8  32 -48  32  -8 
  2  -8  12  -8   2 

  1  -4   6  -4   1 
 -4  16 -24  16  -4 
  6 -24  36 -24   6 
 -4  16 -24  16  -4 
  1  -4   6  -4   1 


E5R5W5 44
  1  -2   0   2  -1 
 -4   8   0  -8   4 
  6 -12   0  12  -6 
 -4   8   0  -8   4 
  1  -2   0   2  -1 

  2  -4   0   4  -2 
 -8  16   0 -16   8 
 12 -24   0  24 -12 
 -8  16   0 -16   8 
  2  -4   0   4  -2 

  0   0   0   0   0 
  0   0   0   0   0 
  0   0   0   0   0 
  0   0   0   0   0 
  0   0   0   0   0 

 -2   4   0  -4   2 
  8 -16   0  16  -8 
-12  24   0 -24  12 
  8 -16   0  16  -8 
 -2   4   0  -4   2 

 -1   2   0  -2   1 
  4  -8   0   8  -4 
 -6  12   0 -12   6 
  4  -8   0   8  -4 
 -1   2   0  -2   1 


E5W5L5 45
  1   4   6   4   1 
 -2  -8 -12  -8  -2 
  0   0   0   0   0 
  2   8  12   8   2 
 -1  -4  -6  -4  -1 

  2   8  12   8   2 
 -4 -16 -24 -16  -4 
  0   0   0   0   0 
  4  16  24  16   4 
 -2  -8 -12  -8  -2 

  0   0   0   0   0 
  0   0   0   0   0 
  0   0   0   0   0 
  0   0   0   0   0 
  0   0   0   0   0 

 -2  -8 -12  -8  -2 
  4  16  24  16   4 
  0   0   0   0   0 
 -4 -16 -24 -16  -4 
  2   8  12   8   2 

 -1  -4  -6  -4  -1 
  2   8  12   8   2 
  0   0   0   0   0 
 -2  -8 -12  -8  -2 
  1   4   6   4   1 


E5W5E5 46
 -1  -2   0   2   1 
  2   4   0  -4  -2 
  0   0   0   0   0 
 -2  -4   0   4   2 
  1   2   0  -2  -1 

 -2  -4   0   4   2 
  4   8   0  -8  -4 
  0   0   0   0   0 
 -4  -8   0   8   4 
  2   4   0  -4  -2 

  0   0   0   0   0 
  0   0   0   0   0 
  0   0   0   0   0 
  0   0   0   0   0 
  0   0   0   0   0 

  2   4   0  -4  -2 
 -4  -8   0   8   4 
  0   0   0   0   0 
  4   8   0  -8  -4 
 -2  -4   0   4   2 

  1   2   0  -2  -1 
 -2  -4   0   4   2 
  0   0   0   0   0 
  2   4   0  -4  -2 
 -1  -2   0   2   1 


E5W5S5 47
 -1   0   2   0  -1 
  2   0  -4   0   2 
  0   0   0   0   0 
 -2   0   4   0  -2 
  1   0  -2   0   1 

 -2   0   4   0  -2 
  4   0  -8   0   4 
  0   0   0   0   0 
 -4   0   8   0  -4 
  2   0  -4   0   2 

  0   0   0   0   0 
  0   0   0   0   0 
  0   0   0   0   0 
  0   0   0   0   0 
  0   0   0   0   0 

  2   0  -4   0   2 
 -4   0   8   0  -4 
  0   0   0   0   0 
  4   0  -8   0   4 
 -2   0   4   0  -2 

  1   0  -2   0   1 
 -2   0   4   0  -2 
  0   0   0   0   0 
  2   0  -4   0   2 
 -1   0   2   0  -1 


E5W5R5 48
  1  -4   6  -4   1 
 -2   8 -12   8  -2 
  0   0   0   0   0 
  2  -8  12  -8   2 
 -1   4  -6   4  -1 

  2  -8  12  -8   2 
 -4  16 -24  16  -4 
  0   0   0   0   0 
  4 -16  24 -16   4 
 -2   8 -12   8  -2 

  0   0   0   0   0 
  0   0   0   0   0 
  0   0   0   0   0 
  0   0   0   0   0 
  0   0   0   0   0 

 -2   8 -12   8  -2 
  4 -16  24 -16   4 
  0   0   0   0   0 
 -4  16 -24  16  -4 
  2  -8  12  -8   2 

 -1   4  -6   4  -1 
  2  -8  12  -8   2 
  0   0   0   0   0 
 -2   8 -12   8  -2 
  1  -4   6  -4   1 


E5W5W5 49
 -1   2   0  -2   1 
  2  -4   0   4  -2 
  0   0   0   0   0 
 -2   4   0  -4   2 
  1  -2   0   2  -1 

 -2   4   0  -4   2 
  4  -8   0   8  -4 
  0   0   0   0   0 
 -4   8   0  -8   4 
  2  -4   0   4  -2 

  0   0   0   0   0 
  0   0   0   0   0 
  0   0   0   0   0 
  0   0   0   0   0 
  0   0   0   0   0 

  2  -4   0   4  -2 
 -4   8   0  -8   4 
  0   0   0   0   0 
  4  -8   0   8  -4 
 -2   4   0  -4   2 

  1  -2   0   2  -1 
 -2   4   0  -4   2 
  0   0   0   0   0 
  2  -4   0   4  -2 
 -1   2   0  -2   1 


S5L5L5 50
 -1  -4  -6  -4  -1 
 -4 -16 -24 -16  -4 
 -6 -24 -36 -24  -6 
 -4 -16 -24 -16  -4 
 -1  -4  -6  -4  -1 

  0   0   0   0   0 
  0   0   0   0   0 
  0   0   0   0   0 
  0   0   0   0   0 
  0   0   0   0   0 

  2   8  12   8   2 
  8  32  48  32   8 
 12  48  72  48  12 
  8  32  48  32   8 
  2   8  12   8   2 

  0   0   0   0   0 
  0   0   0   0   0 
  0   0   0   0   0 
  0   0   0   0   0 
  0   0   0   0   0 

 -1  -4  -6  -4  -1 
 -4 -16 -24 -16  -4 
 -6 -24 -36 -24  -6 
 -4 -16 -24 -16  -4 
 -1  -4  -6  -4  -1 


S5L5E5 51
  1   2   0  -2  -1 
  4   8   0  -8  -4 
  6  12   0 -12  -6 
  4   8   0  -8  -4 
  1   2   0  -2  -1 

  0   0   0   0   0 
  0   0   0   0   0 
  0   0   0   0   0 
  0   0   0   0   0 
  0   0   0   0   0 

 -2  -4   0   4   2 
 -8 -16   0  16   8 
-12 -24   0  24  12 
 -8 -16   0  16   8 
 -2  -4   0   4   2 

  0   0   0   0   0 
  0   0   0   0   0 
  0   0   0   0   0 
  0   0   0   0   0 
  0   0   0   0   0 

  1   2   0  -2  -1 
  4   8   0  -8  -4 
  6  12   0 -12  -6 
  4   8   0  -8  -4 
  1   2   0  -2  -1 


S5L5S5 52
  1   0  -2   0   1 
  4   0  -8   0   4 
  6   0 -12   0   6 
  4   0  -8   0   4 
  1   0  -2   0   1 

  0   0   0   0   0 
  0   0   0   0   0 
  0   0   0   0   0 
  0   0   0   0   0 
  0   0   0   0   0 

 -2   0   4   0  -2 
 -8   0  16   0  -8 
-12   0  24   0 -12 
 -8   0  16   0  -8 
 -2   0   4   0  -2 

  0   0   0   0   0 
  0   0   0   0   0 
  0   0   0   0   0 
  0   0   0   0   0 
  0   0   0   0   0 

  1   0  -2   0   1 
  4   0  -8   0   4 
  6   0 -12   0   6 
  4   0  -8   0   4 
  1   0  -2   0   1 


S5L5R5 53
 -1   4  -6   4  -1 
 -4  16 -24  16  -4 
 -6  24 -36  24  -6 
 -4  16 -24  16  -4 
 -1   4  -6   4  -1 

  0   0   0   0   0 
  0   0   0   0   0 
  0   0   0   0   0 
  0   0   0   0   0 
  0   0   0   0   0 

  2  -8  12  -8   2 
  8 -32  48 -32   8 
 12 -48  72 -48  12 
  8 -32  48 -32   8 
  2  -8  12  -8   2 

  0   0   0   0   0 
  0   0   0   0   0 
  0   0   0   0   0 
  0   0   0   0   0 
  0   0   0   0   0 

 -1   4  -6   4  -1 
 -4  16 -24  16  -4 
 -6  24 -36  24  -6 
 -4  16 -24  16  -4 
 -1   4  -6   4  -1 


S5L5W5 54
  1  -2   0   2  -1 
  4  -8   0   8  -4 
  6 -12   0  12  -6 
  4  -8   0   8  -4 
  1  -2   0   2  -1 

  0   0   0   0   0 
  0   0   0   0   0 
  0   0   0   0   0 
  0   0   0   0   0 
  0   0   0   0   0 

 -2   4   0  -4   2 
 -8  16   0 -16   8 
-12  24   0 -24  12 
 -8  16   0 -16   8 
 -2   4   0  -4   2 

  0   0   0   0   0 
  0   0   0   0   0 
  0   0   0   0   0 
  0   0   0   0   0 
  0   0   0   0   0 

  1  -2   0   2  -1 
  4  -8   0   8  -4 
  6 -12   0  12  -6 
  4  -8   0   8  -4 
  1  -2   0   2  -1 


S5E5L5 55
  1   4   6   4   1 
  2   8  12   8   2 
  0   0   0   0   0 
 -2  -8 -12  -8  -2 
 -1  -4  -6  -4  -1 

  0   0   0   0   0 
  0   0   0   0   0 
  0   0   0   0   0 
  0   0   0   0   0 
  0   0   0   0   0 

 -2  -8 -12  -8  -2 
 -4 -16 -24 -16  -4 
  0   0   0   0   0 
  4  16  24  16   4 
  2   8  12   8   2 

  0   0   0   0   0 
  0   0   0   0   0 
  0   0   0   0   0 
  0   0   0   0   0 
  0   0   0   0   0 

  1   4   6   4   1 
  2   8  12   8   2 
  0   0   0   0   0 
 -2  -8 -12  -8  -2 
 -1  -4  -6  -4  -1 


S5E5E5 56
 -1  -2   0   2   1 
 -2  -4   0   4   2 
  0   0   0   0   0 
  2   4   0  -4  -2 
  1   2   0  -2  -1 

  0   0   0   0   0 
  0   0   0   0   0 
  0   0   0   0   0 
  0   0   0   0   0 
  0   0   0   0   0 

  2   4   0  -4  -2 
  4   8   0  -8  -4 
  0   0   0   0   0 
 -4  -8   0   8   4 
 -2  -4   0   4   2 

  0   0   0   0   0 
  0   0   0   0   0 
  0   0   0   0   0 
  0   0   0   0   0 
  0   0   0   0   0 

 -1  -2   0   2   1 
 -2  -4   0   4   2 
  0   0   0   0   0 
  2   4   0  -4  -2 
  1   2   0  -2  -1 


S5E5S5 57
 -1   0   2   0  -1 
 -2   0   4   0  -2 
  0   0   0   0   0 
  2   0  -4   0   2 
  1   0  -2   0   1 

  0   0   0   0   0 
  0   0   0   0   0 
  0   0   0   0   0 
  0   0   0   0   0 
  0   0   0   0   0 

  2   0  -4   0   2 
  4   0  -8   0   4 
  0   0   0   0   0 
 -4   0   8   0  -4 
 -2   0   4   0  -2 

  0   0   0   0   0 
  0   0   0   0   0 
  0   0   0   0   0 
  0   0   0   0   0 
  0   0   0   0   0 

 -1   0   2   0  -1 
 -2   0   4   0  -2 
  0   0   0   0   0 
  2   0  -4   0   2 
  1   0  -2   0   1 


S5E5R5 58
  1  -4   6  -4   1 
  2  -8  12  -8   2 
  0   0   0   0   0 
 -2   8 -12   8  -2 
 -1   4  -6   4  -1 

  0   0   0   0   0 
  0   0   0   0   0 
  0   0   0   0   0 
  0   0   0   0   0 
  0   0   0   0   0 

 -2   8 -12   8  -2 
 -4  16 -24  16  -4 
  0   0   0   0   0 
  4 -16  24 -16   4 
  2  -8  12  -8   2 

  0   0   0   0   0 
  0   0   0   0   0 
  0   0   0   0   0 
  0   0   0   0   0 
  0   0   0   0   0 

  1  -4   6  -4   1 
  2  -8  12  -8   2 
  0   0   0   0   0 
 -2   8 -12   8  -2 
 -1   4  -6   4  -1 


S5E5W5 59
 -1   2   0  -2   1 
 -2   4   0  -4   2 
  0   0   0   0   0 
  2  -4   0   4  -2 
  1  -2   0   2  -1 

  0   0   0   0   0 
  0   0   0   0   0 
  0   0   0   0   0 
  0   0   0   0   0 
  0   0   0   0   0 

  2  -4   0   4  -2 
  4  -8   0   8  -4 
  0   0   0   0   0 
 -4   8   0  -8   4 
 -2   4   0  -4   2 

  0   0   0   0   0 
  0   0   0   0   0 
  0   0   0   0   0 
  0   0   0   0   0 
  0   0   0   0   0 

 -1   2   0  -2   1 
 -2   4   0  -4   2 
  0   0   0   0   0 
  2  -4   0   4  -2 
  1  -2   0   2  -1 


S5S5L5 60
  1   4   6   4   1 
  0   0   0   0   0 
 -2  -8 -12  -8  -2 
  0   0   0   0   0 
  1   4   6   4   1 

  0   0   0   0   0 
  0   0   0   0   0 
  0   0   0   0   0 
  0   0   0   0   0 
  0   0   0   0   0 

 -2  -8 -12  -8  -2 
  0   0   0   0   0 
  4  16  24  16   4 
  0   0   0   0   0 
 -2  -8 -12  -8  -2 

  0   0   0   0   0 
  0   0   0   0   0 
  0   0   0   0   0 
  0   0   0   0   0 
  0   0   0   0   0 

  1   4   6   4   1 
  0   0   0   0   0 
 -2  -8 -12  -8  -2 
  0   0   0   0   0 
  1   4   6   4   1 


S5S5E5 61
 -1  -2   0   2   1 
  0   0   0   0   0 
  2   4   0  -4  -2 
  0   0   0   0   0 
 -1  -2   0   2   1 

  0   0   0   0   0 
  0   0   0   0   0 
  0   0   0   0   0 
  0   0   0   0   0 
  0   0   0   0   0 

  2   4   0  -4  -2 
  0   0   0   0   0 
 -4  -8   0   8   4 
  0   0   0   0   0 
  2   4   0  -4  -2 

  0   0   0   0   0 
  0   0   0   0   0 
  0   0   0   0   0 
  0   0   0   0   0 
  0   0   0   0   0 

 -1  -2   0   2   1 
  0   0   0   0   0 
  2   4   0  -4  -2 
  0   0   0   0   0 
 -1  -2   0   2   1 


S5S5S5 62
 -1   0   2   0  -1 
  0   0   0   0   0 
  2   0  -4   0   2 
  0   0   0   0   0 
 -1   0   2   0  -1 

  0   0   0   0   0 
  0   0   0   0   0 
  0   0   0   0   0 
  0   0   0   0   0 
  0   0   0   0   0 

  2   0  -4   0   2 
  0   0   0   0   0 
 -4   0   8   0  -4 
  0   0   0   0   0 
  2   0  -4   0   2 

  0   0   0   0   0 
  0   0   0   0   0 
  0   0   0   0   0 
  0   0   0   0   0 
  0   0   0   0   0 

 -1   0   2   0  -1 
  0   0   0   0   0 
  2   0  -4   0   2 
  0   0   0   0   0 
 -1   0   2   0  -1 


S5S5R5 63
  1  -4   6  -4   1 
  0   0   0   0   0 
 -2   8 -12   8  -2 
  0   0   0   0   0 
  1  -4   6  -4   1 

  0   0   0   0   0 
  0   0   0   0   0 
  0   0   0   0   0 
  0   0   0   0   0 
  0   0   0   0   0 

 -2   8 -12   8  -2 
  0   0   0   0   0 
  4 -16  24 -16   4 
  0   0   0   0   0 
 -2   8 -12   8  -2 

  0   0   0   0   0 
  0   0   0   0   0 
  0   0   0   0   0 
  0   0   0   0   0 
  0   0   0   0   0 

  1  -4   6  -4   1 
  0   0   0   0   0 
 -2   8 -12   8  -2 
  0   0   0   0   0 
  1  -4   6  -4   1 


S5S5W5 64
 -1   2   0  -2   1 
  0   0   0   0   0 
  2  -4   0   4  -2 
  0   0   0   0   0 
 -1   2   0  -2   1 

  0   0   0   0   0 
  0   0   0   0   0 
  0   0   0   0   0 
  0   0   0   0   0 
  0   0   0   0   0 

  2  -4   0   4  -2 
  0   0   0   0   0 
 -4   8   0  -8   4 
  0   0   0   0   0 
  2  -4   0   4  -2 

  0   0   0   0   0 
  0   0   0   0   0 
  0   0   0   0   0 
  0   0   0   0   0 
  0   0   0   0   0 

 -1   2   0  -2   1 
  0   0   0   0   0 
  2  -4   0   4  -2 
  0   0   0   0   0 
 -1   2   0  -2   1 


S5R5L5 65
 -1  -4  -6  -4  -1 
  4  16  24  16   4 
 -6 -24 -36 -24  -6 
  4  16  24  16   4 
 -1  -4  -6  -4  -1 

  0   0   0   0   0 
  0   0   0   0   0 
  0   0   0   0   0 
  0   0   0   0   0 
  0   0   0   0   0 

  2   8  12   8   2 
 -8 -32 -48 -32  -8 
 12  48  72  48  12 
 -8 -32 -48 -32  -8 
  2   8  12   8   2 

  0   0   0   0   0 
  0   0   0   0   0 
  0   0   0   0   0 
  0   0   0   0   0 
  0   0   0   0   0 

 -1  -4  -6  -4  -1 
  4  16  24  16   4 
 -6 -24 -36 -24  -6 
  4  16  24  16   4 
 -1  -4  -6  -4  -1 


S5R5E5 66
  1   2   0  -2  -1 
 -4  -8   0   8   4 
  6  12   0 -12  -6 
 -4  -8   0   8   4 
  1   2   0  -2  -1 

  0   0   0   0   0 
  0   0   0   0   0 
  0   0   0   0   0 
  0   0   0   0   0 
  0   0   0   0   0 

 -2  -4   0   4   2 
  8  16   0 -16  -8 
-12 -24   0  24  12 
  8  16   0 -16  -8 
 -2  -4   0   4   2 

  0   0   0   0   0 
  0   0   0   0   0 
  0   0   0   0   0 
  0   0   0   0   0 
  0   0   0   0   0 

  1   2   0  -2  -1 
 -4  -8   0   8   4 
  6  12   0 -12  -6 
 -4  -8   0   8   4 
  1   2   0  -2  -1 


S5R5S5 67
  1   0  -2   0   1 
 -4   0   8   0  -4 
  6   0 -12   0   6 
 -4   0   8   0  -4 
  1   0  -2   0   1 

  0   0   0   0   0 
  0   0   0   0   0 
  0   0   0   0   0 
  0   0   0   0   0 
  0   0   0   0   0 

 -2   0   4   0  -2 
  8   0 -16   0   8 
-12   0  24   0 -12 
  8   0 -16   0   8 
 -2   0   4   0  -2 

  0   0   0   0   0 
  0   0   0   0   0 
  0   0   0   0   0 
  0   0   0   0   0 
  0   0   0   0   0 

  1   0  -2   0   1 
 -4   0   8   0  -4 
  6   0 -12   0   6 
 -4   0   8   0  -4 
  1   0  -2   0   1 


S5R5R5 68
 -1   4  -6   4  -1 
  4 -16  24 -16   4 
 -6  24 -36  24  -6 
  4 -16  24 -16   4 
 -1   4  -6   4  -1 

  0   0   0   0   0 
  0   0   0   0   0 
  0   0   0   0   0 
  0   0   0   0   0 
  0   0   0   0   0 

  2  -8  12  -8   2 
 -8  32 -48  32  -8 
 12 -48  72 -48  12 
 -8  32 -48  32  -8 
  2  -8  12  -8   2 

  0   0   0   0   0 
  0   0   0   0   0 
  0   0   0   0   0 
  0   0   0   0   0 
  0   0   0   0   0 

 -1   4  -6   4  -1 
  4 -16  24 -16   4 
 -6  24 -36  24  -6 
  4 -16  24 -16   4 
 -1   4  -6   4  -1 


S5R5W5 69
  1  -2   0   2  -1 
 -4   8   0  -8   4 
  6 -12   0  12  -6 
 -4   8   0  -8   4 
  1  -2   0   2  -1 

  0   0   0   0   0 
  0   0   0   0   0 
  0   0   0   0   0 
  0   0   0   0   0 
  0   0   0   0   0 

 -2   4   0  -4   2 
  8 -16   0  16  -8 
-12  24   0 -24  12 
  8 -16   0  16  -8 
 -2   4   0  -4   2 

  0   0   0   0   0 
  0   0   0   0   0 
  0   0   0   0   0 
  0   0   0   0   0 
  0   0   0   0   0 

  1  -2   0   2  -1 
 -4   8   0  -8   4 
  6 -12   0  12  -6 
 -4   8   0  -8   4 
  1  -2   0   2  -1 


S5W5L5 70
  1   4   6   4   1 
 -2  -8 -12  -8  -2 
  0   0   0   0   0 
  2   8  12   8   2 
 -1  -4  -6  -4  -1 

  0   0   0   0   0 
  0   0   0   0   0 
  0   0   0   0   0 
  0   0   0   0   0 
  0   0   0   0   0 

 -2  -8 -12  -8  -2 
  4  16  24  16   4 
  0   0   0   0   0 
 -4 -16 -24 -16  -4 
  2   8  12   8   2 

  0   0   0   0   0 
  0   0   0   0   0 
  0   0   0   0   0 
  0   0   0   0   0 
  0   0   0   0   0 

  1   4   6   4   1 
 -2  -8 -12  -8  -2 
  0   0   0   0   0 
  2   8  12   8   2 
 -1  -4  -6  -4  -1 


S5W5E5 71
 -1  -2   0   2   1 
  2   4   0  -4  -2 
  0   0   0   0   0 
 -2  -4   0   4   2 
  1   2   0  -2  -1 

  0   0   0   0   0 
  0   0   0   0   0 
  0   0   0   0   0 
  0   0   0   0   0 
  0   0   0   0   0 

  2   4   0  -4  -2 
 -4  -8   0   8   4 
  0   0   0   0   0 
  4   8   0  -8  -4 
 -2  -4   0   4   2 

  0   0   0   0   0 
  0   0   0   0   0 
  0   0   0   0   0 
  0   0   0   0   0 
  0   0   0   0   0 

 -1  -2   0   2   1 
  2   4   0  -4  -2 
  0   0   0   0   0 
 -2  -4   0   4   2 
  1   2   0  -2  -1 


S5W5S5 72
 -1   0   2   0  -1 
  2   0  -4   0   2 
  0   0   0   0   0 
 -2   0   4   0  -2 
  1   0  -2   0   1 

  0   0   0   0   0 
  0   0   0   0   0 
  0   0   0   0   0 
  0   0   0   0   0 
  0   0   0   0   0 

  2   0  -4   0   2 
 -4   0   8   0  -4 
  0   0   0   0   0 
  4   0  -8   0   4 
 -2   0   4   0  -2 

  0   0   0   0   0 
  0   0   0   0   0 
  0   0   0   0   0 
  0   0   0   0   0 
  0   0   0   0   0 

 -1   0   2   0  -1 
  2   0  -4   0   2 
  0   0   0   0   0 
 -2   0   4   0  -2 
  1   0  -2   0   1 


S5W5R5 73
  1  -4   6  -4   1 
 -2   8 -12   8  -2 
  0   0   0   0   0 
  2  -8  12  -8   2 
 -1   4  -6   4  -1 

  0   0   0   0   0 
  0   0   0   0   0 
  0   0   0   0   0 
  0   0   0   0   0 
  0   0   0   0   0 

 -2   8 -12   8  -2 
  4 -16  24 -16   4 
  0   0   0   0   0 
 -4  16 -24  16  -4 
  2  -8  12  -8   2 

  0   0   0   0   0 
  0   0   0   0   0 
  0   0   0   0   0 
  0   0   0   0   0 
  0   0   0   0   0 

  1  -4   6  -4   1 
 -2   8 -12   8  -2 
  0   0   0   0   0 
  2  -8  12  -8   2 
 -1   4  -6   4  -1 


S5W5W5 74
 -1   2   0  -2   1 
  2  -4   0   4  -2 
  0   0   0   0   0 
 -2   4   0  -4   2 
  1  -2   0   2  -1 

  0   0   0   0   0 
  0   0   0   0   0 
  0   0   0   0   0 
  0   0   0   0   0 
  0   0   0   0   0 

  2  -4   0   4  -2 
 -4   8   0  -8   4 
  0   0   0   0   0 
  4  -8   0   8  -4 
 -2   4   0  -4   2 

  0   0   0   0   0 
  0   0   0   0   0 
  0   0   0   0   0 
  0   0   0   0   0 
  0   0   0   0   0 

 -1   2   0  -2   1 
  2  -4   0   4  -2 
  0   0   0   0   0 
 -2   4   0  -4   2 
  1  -2   0   2  -1 


R5L5L5 75
  1   4   6   4   1 
  4  16  24  16   4 
  6  24  36  24   6 
  4  16  24  16   4 
  1   4   6   4   1 

 -4 -16 -24 -16  -4 
-16 -64 -96 -64 -16 
-24 -96 -144 -96 -24 
-16 -64 -96 -64 -16 
 -4 -16 -24 -16  -4 

  6  24  36  24   6 
 24  96 144  96  24 
 36 144 216 144  36 
 24  96 144  96  24 
  6  24  36  24   6 

 -4 -16 -24 -16  -4 
-16 -64 -96 -64 -16 
-24 -96 -144 -96 -24 
-16 -64 -96 -64 -16 
 -4 -16 -24 -16  -4 

  1   4   6   4   1 
  4  16  24  16   4 
  6  24  36  24   6 
  4  16  24  16   4 
  1   4   6   4   1 


R5L5E5 76
 -1  -2   0   2   1 
 -4  -8   0   8   4 
 -6 -12   0  12   6 
 -4  -8   0   8   4 
 -1  -2   0   2   1 

  4   8   0  -8  -4 
 16  32   0 -32 -16 
 24  48   0 -48 -24 
 16  32   0 -32 -16 
  4   8   0  -8  -4 

 -6 -12   0  12   6 
-24 -48   0  48  24 
-36 -72   0  72  36 
-24 -48   0  48  24 
 -6 -12   0  12   6 

  4   8   0  -8  -4 
 16  32   0 -32 -16 
 24  48   0 -48 -24 
 16  32   0 -32 -16 
  4   8   0  -8  -4 

 -1  -2   0   2   1 
 -4  -8   0   8   4 
 -6 -12   0  12   6 
 -4  -8   0   8   4 
 -1  -2   0   2   1 


R5L5S5 77
 -1   0   2   0  -1 
 -4   0   8   0  -4 
 -6   0  12   0  -6 
 -4   0   8   0  -4 
 -1   0   2   0  -1 

  4   0  -8   0   4 
 16   0 -32   0  16 
 24   0 -48   0  24 
 16   0 -32   0  16 
  4   0  -8   0   4 

 -6   0  12   0  -6 
-24   0  48   0 -24 
-36   0  72   0 -36 
-24   0  48   0 -24 
 -6   0  12   0  -6 

  4   0  -8   0   4 
 16   0 -32   0  16 
 24   0 -48   0  24 
 16   0 -32   0  16 
  4   0  -8   0   4 

 -1   0   2   0  -1 
 -4   0   8   0  -4 
 -6   0  12   0  -6 
 -4   0   8   0  -4 
 -1   0   2   0  -1 


R5L5R5 78
  1  -4   6  -4   1 
  4 -16  24 -16   4 
  6 -24  36 -24   6 
  4 -16  24 -16   4 
  1  -4   6  -4   1 

 -4  16 -24  16  -4 
-16  64 -96  64 -16 
-24  96 -144  96 -24 
-16  64 -96  64 -16 
 -4  16 -24  16  -4 

  6 -24  36 -24   6 
 24 -96 144 -96  24 
 36 -144 216 -144  36 
 24 -96 144 -96  24 
  6 -24  36 -24   6 

 -4  16 -24  16  -4 
-16  64 -96  64 -16 
-24  96 -144  96 -24 
-16  64 -96  64 -16 
 -4  16 -24  16  -4 

  1  -4   6  -4   1 
  4 -16  24 -16   4 
  6 -24  36 -24   6 
  4 -16  24 -16   4 
  1  -4   6  -4   1 


R5L5W5 79
 -1   2   0  -2   1 
 -4   8   0  -8   4 
 -6  12   0 -12   6 
 -4   8   0  -8   4 
 -1   2   0  -2   1 

  4  -8   0   8  -4 
 16 -32   0  32 -16 
 24 -48   0  48 -24 
 16 -32   0  32 -16 
  4  -8   0   8  -4 

 -6  12   0 -12   6 
-24  48   0 -48  24 
-36  72   0 -72  36 
-24  48   0 -48  24 
 -6  12   0 -12   6 

  4  -8   0   8  -4 
 16 -32   0  32 -16 
 24 -48   0  48 -24 
 16 -32   0  32 -16 
  4  -8   0   8  -4 

 -1   2   0  -2   1 
 -4   8   0  -8   4 
 -6  12   0 -12   6 
 -4   8   0  -8   4 
 -1   2   0  -2   1 


R5E5L5 80
 -1  -4  -6  -4  -1 
 -2  -8 -12  -8  -2 
  0   0   0   0   0 
  2   8  12   8   2 
  1   4   6   4   1 

  4  16  24  16   4 
  8  32  48  32   8 
  0   0   0   0   0 
 -8 -32 -48 -32  -8 
 -4 -16 -24 -16  -4 

 -6 -24 -36 -24  -6 
-12 -48 -72 -48 -12 
  0   0   0   0   0 
 12  48  72  48  12 
  6  24  36  24   6 

  4  16  24  16   4 
  8  32  48  32   8 
  0   0   0   0   0 
 -8 -32 -48 -32  -8 
 -4 -16 -24 -16  -4 

 -1  -4  -6  -4  -1 
 -2  -8 -12  -8  -2 
  0   0   0   0   0 
  2   8  12   8   2 
  1   4   6   4   1 


R5E5E5 81
  1   2   0  -2  -1 
  2   4   0  -4  -2 
  0   0   0   0   0 
 -2  -4   0   4   2 
 -1  -2   0   2   1 

 -4  -8   0   8   4 
 -8 -16   0  16   8 
  0   0   0   0   0 
  8  16   0 -16  -8 
  4   8   0  -8  -4 

  6  12   0 -12  -6 
 12  24   0 -24 -12 
  0   0   0   0   0 
-12 -24   0  24  12 
 -6 -12   0  12   6 

 -4  -8   0   8   4 
 -8 -16   0  16   8 
  0   0   0   0   0 
  8  16   0 -16  -8 
  4   8   0  -8  -4 

  1   2   0  -2  -1 
  2   4   0  -4  -2 
  0   0   0   0   0 
 -2  -4   0   4   2 
 -1  -2   0   2   1 


R5E5S5 82
  1   0  -2   0   1 
  2   0  -4   0   2 
  0   0   0   0   0 
 -2   0   4   0  -2 
 -1   0   2   0  -1 

 -4   0   8   0  -4 
 -8   0  16   0  -8 
  0   0   0   0   0 
  8   0 -16   0   8 
  4   0  -8   0   4 

  6   0 -12   0   6 
 12   0 -24   0  12 
  0   0   0   0   0 
-12   0  24   0 -12 
 -6   0  12   0  -6 

 -4   0   8   0  -4 
 -8   0  16   0  -8 
  0   0   0   0   0 
  8   0 -16   0   8 
  4   0  -8   0   4 

  1   0  -2   0   1 
  2   0  -4   0   2 
  0   0   0   0   0 
 -2   0   4   0  -2 
 -1   0   2   0  -1 


R5E5R5 83
 -1   4  -6   4  -1 
 -2   8 -12   8  -2 
  0   0   0   0   0 
  2  -8  12  -8   2 
  1  -4   6  -4   1 

  4 -16  24 -16   4 
  8 -32  48 -32   8 
  0   0   0   0   0 
 -8  32 -48  32  -8 
 -4  16 -24  16  -4 

 -6  24 -36  24  -6 
-12  48 -72  48 -12 
  0   0   0   0   0 
 12 -48  72 -48  12 
  6 -24  36 -24   6 

  4 -16  24 -16   4 
  8 -32  48 -32   8 
  0   0   0   0   0 
 -8  32 -48  32  -8 
 -4  16 -24  16  -4 

 -1   4  -6   4  -1 
 -2   8 -12   8  -2 
  0   0   0   0   0 
  2  -8  12  -8   2 
  1  -4   6  -4   1 


R5E5W5 84
  1  -2   0   2  -1 
  2  -4   0   4  -2 
  0   0   0   0   0 
 -2   4   0  -4   2 
 -1   2   0  -2   1 

 -4   8   0  -8   4 
 -8  16   0 -16   8 
  0   0   0   0   0 
  8 -16   0  16  -8 
  4  -8   0   8  -4 

  6 -12   0  12  -6 
 12 -24   0  24 -12 
  0   0   0   0   0 
-12  24   0 -24  12 
 -6  12   0 -12   6 

 -4   8   0  -8   4 
 -8  16   0 -16   8 
  0   0   0   0   0 
  8 -16   0  16  -8 
  4  -8   0   8  -4 

  1  -2   0   2  -1 
  2  -4   0   4  -2 
  0   0   0   0   0 
 -2   4   0  -4   2 
 -1   2   0  -2   1 


R5S5L5 85
 -1  -4  -6  -4  -1 
  0   0   0   0   0 
  2   8  12   8   2 
  0   0   0   0   0 
 -1  -4  -6  -4  -1 

  4  16  24  16   4 
  0   0   0   0   0 
 -8 -32 -48 -32  -8 
  0   0   0   0   0 
  4  16  24  16   4 

 -6 -24 -36 -24  -6 
  0   0   0   0   0 
 12  48  72  48  12 
  0   0   0   0   0 
 -6 -24 -36 -24  -6 

  4  16  24  16   4 
  0   0   0   0   0 
 -8 -32 -48 -32  -8 
  0   0   0   0   0 
  4  16  24  16   4 

 -1  -4  -6  -4  -1 
  0   0   0   0   0 
  2   8  12   8   2 
  0   0   0   0   0 
 -1  -4  -6  -4  -1 


R5S5E5 86
  1   2   0  -2  -1 
  0   0   0   0   0 
 -2  -4   0   4   2 
  0   0   0   0   0 
  1   2   0  -2  -1 

 -4  -8   0   8   4 
  0   0   0   0   0 
  8  16   0 -16  -8 
  0   0   0   0   0 
 -4  -8   0   8   4 

  6  12   0 -12  -6 
  0   0   0   0   0 
-12 -24   0  24  12 
  0   0   0   0   0 
  6  12   0 -12  -6 

 -4  -8   0   8   4 
  0   0   0   0   0 
  8  16   0 -16  -8 
  0   0   0   0   0 
 -4  -8   0   8   4 

  1   2   0  -2  -1 
  0   0   0   0   0 
 -2  -4   0   4   2 
  0   0   0   0   0 
  1   2   0  -2  -1 


R5S5S5 87
  1   0  -2   0   1 
  0   0   0   0   0 
 -2   0   4   0  -2 
  0   0   0   0   0 
  1   0  -2   0   1 

 -4   0   8   0  -4 
  0   0   0   0   0 
  8   0 -16   0   8 
  0   0   0   0   0 
 -4   0   8   0  -4 

  6   0 -12   0   6 
  0   0   0   0   0 
-12   0  24   0 -12 
  0   0   0   0   0 
  6   0 -12   0   6 

 -4   0   8   0  -4 
  0   0   0   0   0 
  8   0 -16   0   8 
  0   0   0   0   0 
 -4   0   8   0  -4 

  1   0  -2   0   1 
  0   0   0   0   0 
 -2   0   4   0  -2 
  0   0   0   0   0 
  1   0  -2   0   1 


R5S5R5 88
 -1   4  -6   4  -1 
  0   0   0   0   0 
  2  -8  12  -8   2 
  0   0   0   0   0 
 -1   4  -6   4  -1 

  4 -16  24 -16   4 
  0   0   0   0   0 
 -8  32 -48  32  -8 
  0   0   0   0   0 
  4 -16  24 -16   4 

 -6  24 -36  24  -6 
  0   0   0   0   0 
 12 -48  72 -48  12 
  0   0   0   0   0 
 -6  24 -36  24  -6 

  4 -16  24 -16   4 
  0   0   0   0   0 
 -8  32 -48  32  -8 
  0   0   0   0   0 
  4 -16  24 -16   4 

 -1   4  -6   4  -1 
  0   0   0   0   0 
  2  -8  12  -8   2 
  0   0   0   0   0 
 -1   4  -6   4  -1 


R5S5W5 89
  1  -2   0   2  -1 
  0   0   0   0   0 
 -2   4   0  -4   2 
  0   0   0   0   0 
  1  -2   0   2  -1 

 -4   8   0  -8   4 
  0   0   0   0   0 
  8 -16   0  16  -8 
  0   0   0   0   0 
 -4   8   0  -8   4 

  6 -12   0  12  -6 
  0   0   0   0   0 
-12  24   0 -24  12 
  0   0   0   0   0 
  6 -12   0  12  -6 

 -4   8   0  -8   4 
  0   0   0   0   0 
  8 -16   0  16  -8 
  0   0   0   0   0 
 -4   8   0  -8   4 

  1  -2   0   2  -1 
  0   0   0   0   0 
 -2   4   0  -4   2 
  0   0   0   0   0 
  1  -2   0   2  -1 


R5R5L5 90
  1   4   6   4   1 
 -4 -16 -24 -16  -4 
  6  24  36  24   6 
 -4 -16 -24 -16  -4 
  1   4   6   4   1 

 -4 -16 -24 -16  -4 
 16  64  96  64  16 
-24 -96 -144 -96 -24 
 16  64  96  64  16 
 -4 -16 -24 -16  -4 

  6  24  36  24   6 
-24 -96 -144 -96 -24 
 36 144 216 144  36 
-24 -96 -144 -96 -24 
  6  24  36  24   6 

 -4 -16 -24 -16  -4 
 16  64  96  64  16 
-24 -96 -144 -96 -24 
 16  64  96  64  16 
 -4 -16 -24 -16  -4 

  1   4   6   4   1 
 -4 -16 -24 -16  -4 
  6  24  36  24   6 
 -4 -16 -24 -16  -4 
  1   4   6   4   1 


R5R5E5 91
 -1  -2   0   2   1 
  4   8   0  -8  -4 
 -6 -12   0  12   6 
  4   8   0  -8  -4 
 -1  -2   0   2   1 

  4   8   0  -8  -4 
-16 -32   0  32  16 
 24  48   0 -48 -24 
-16 -32   0  32  16 
  4   8   0  -8  -4 

 -6 -12   0  12   6 
 24  48   0 -48 -24 
-36 -72   0  72  36 
 24  48   0 -48 -24 
 -6 -12   0  12   6 

  4   8   0  -8  -4 
-16 -32   0  32  16 
 24  48   0 -48 -24 
-16 -32   0  32  16 
  4   8   0  -8  -4 

 -1  -2   0   2   1 
  4   8   0  -8  -4 
 -6 -12   0  12   6 
  4   8   0  -8  -4 
 -1  -2   0   2   1 


R5R5S5 92
 -1   0   2   0  -1 
  4   0  -8   0   4 
 -6   0  12   0  -6 
  4   0  -8   0   4 
 -1   0   2   0  -1 

  4   0  -8   0   4 
-16   0  32   0 -16 
 24   0 -48   0  24 
-16   0  32   0 -16 
  4   0  -8   0   4 

 -6   0  12   0  -6 
 24   0 -48   0  24 
-36   0  72   0 -36 
 24   0 -48   0  24 
 -6   0  12   0  -6 

  4   0  -8   0   4 
-16   0  32   0 -16 
 24   0 -48   0  24 
-16   0  32   0 -16 
  4   0  -8   0   4 

 -1   0   2   0  -1 
  4   0  -8   0   4 
 -6   0  12   0  -6 
  4   0  -8   0   4 
 -1   0   2   0  -1 


R5R5R5 93
  1  -4   6  -4   1 
 -4  16 -24  16  -4 
  6 -24  36 -24   6 
 -4  16 -24  16  -4 
  1  -4   6  -4   1 

 -4  16 -24  16  -4 
 16 -64  96 -64  16 
-24  96 -144  96 -24 
 16 -64  96 -64  16 
 -4  16 -24  16  -4 

  6 -24  36 -24   6 
-24  96 -144  96 -24 
 36 -144 216 -144  36 
-24  96 -144  96 -24 
  6 -24  36 -24   6 

 -4  16 -24  16  -4 
 16 -64  96 -64  16 
-24  96 -144  96 -24 
 16 -64  96 -64  16 
 -4  16 -24  16  -4 

  1  -4   6  -4   1 
 -4  16 -24  16  -4 
  6 -24  36 -24   6 
 -4  16 -24  16  -4 
  1  -4   6  -4   1 


R5R5W5 94
 -1   2   0  -2   1 
  4  -8   0   8  -4 
 -6  12   0 -12   6 
  4  -8   0   8  -4 
 -1   2   0  -2   1 

  4  -8   0   8  -4 
-16  32   0 -32  16 
 24 -48   0  48 -24 
-16  32   0 -32  16 
  4  -8   0   8  -4 

 -6  12   0 -12   6 
 24 -48   0  48 -24 
-36  72   0 -72  36 
 24 -48   0  48 -24 
 -6  12   0 -12   6 

  4  -8   0   8  -4 
-16  32   0 -32  16 
 24 -48   0  48 -24 
-16  32   0 -32  16 
  4  -8   0   8  -4 

 -1   2   0  -2   1 
  4  -8   0   8  -4 
 -6  12   0 -12   6 
  4  -8   0   8  -4 
 -1   2   0  -2   1 


R5W5L5 95
 -1  -4  -6  -4  -1 
  2   8  12   8   2 
  0   0   0   0   0 
 -2  -8 -12  -8  -2 
  1   4   6   4   1 

  4  16  24  16   4 
 -8 -32 -48 -32  -8 
  0   0   0   0   0 
  8  32  48  32   8 
 -4 -16 -24 -16  -4 

 -6 -24 -36 -24  -6 
 12  48  72  48  12 
  0   0   0   0   0 
-12 -48 -72 -48 -12 
  6  24  36  24   6 

  4  16  24  16   4 
 -8 -32 -48 -32  -8 
  0   0   0   0   0 
  8  32  48  32   8 
 -4 -16 -24 -16  -4 

 -1  -4  -6  -4  -1 
  2   8  12   8   2 
  0   0   0   0   0 
 -2  -8 -12  -8  -2 
  1   4   6   4   1 


R5W5E5 96
  1   2   0  -2  -1 
 -2  -4   0   4   2 
  0   0   0   0   0 
  2   4   0  -4  -2 
 -1  -2   0   2   1 

 -4  -8   0   8   4 
  8  16   0 -16  -8 
  0   0   0   0   0 
 -8 -16   0  16   8 
  4   8   0  -8  -4 

  6  12   0 -12  -6 
-12 -24   0  24  12 
  0   0   0   0   0 
 12  24   0 -24 -12 
 -6 -12   0  12   6 

 -4  -8   0   8   4 
  8  16   0 -16  -8 
  0   0   0   0   0 
 -8 -16   0  16   8 
  4   8   0  -8  -4 

  1   2   0  -2  -1 
 -2  -4   0   4   2 
  0   0   0   0   0 
  2   4   0  -4  -2 
 -1  -2   0   2   1 


R5W5S5 97
  1   0  -2   0   1 
 -2   0   4   0  -2 
  0   0   0   0   0 
  2   0  -4   0   2 
 -1   0   2   0  -1 

 -4   0   8   0  -4 
  8   0 -16   0   8 
  0   0   0   0   0 
 -8   0  16   0  -8 
  4   0  -8   0   4 

  6   0 -12   0   6 
-12   0  24   0 -12 
  0   0   0   0   0 
 12   0 -24   0  12 
 -6   0  12   0  -6 

 -4   0   8   0  -4 
  8   0 -16   0   8 
  0   0   0   0   0 
 -8   0  16   0  -8 
  4   0  -8   0   4 

  1   0  -2   0   1 
 -2   0   4   0  -2 
  0   0   0   0   0 
  2   0  -4   0   2 
 -1   0   2   0  -1 


R5W5R5 98
 -1   4  -6   4  -1 
  2  -8  12  -8   2 
  0   0   0   0   0 
 -2   8 -12   8  -2 
  1  -4   6  -4   1 

  4 -16  24 -16   4 
 -8  32 -48  32  -8 
  0   0   0   0   0 
  8 -32  48 -32   8 
 -4  16 -24  16  -4 

 -6  24 -36  24  -6 
 12 -48  72 -48  12 
  0   0   0   0   0 
-12  48 -72  48 -12 
  6 -24  36 -24   6 

  4 -16  24 -16   4 
 -8  32 -48  32  -8 
  0   0   0   0   0 
  8 -32  48 -32   8 
 -4  16 -24  16  -4 

 -1   4  -6   4  -1 
  2  -8  12  -8   2 
  0   0   0   0   0 
 -2   8 -12   8  -2 
  1  -4   6  -4   1 


R5W5W5 99
  1  -2   0   2  -1 
 -2   4   0  -4   2 
  0   0   0   0   0 
  2  -4   0   4  -2 
 -1   2   0  -2   1 

 -4   8   0  -8   4 
  8 -16   0  16  -8 
  0   0   0   0   0 
 -8  16   0 -16   8 
  4  -8   0   8  -4 

  6 -12   0  12  -6 
-12  24   0 -24  12 
  0   0   0   0   0 
 12 -24   0  24 -12 
 -6  12   0 -12   6 

 -4   8   0  -8   4 
  8 -16   0  16  -8 
  0   0   0   0   0 
 -8  16   0 -16   8 
  4  -8   0   8  -4 

  1  -2   0   2  -1 
 -2   4   0  -4   2 
  0   0   0   0   0 
  2  -4   0   4  -2 
 -1   2   0  -2   1 


W5L5L5 100
 -1  -4  -6  -4  -1 
 -4 -16 -24 -16  -4 
 -6 -24 -36 -24  -6 
 -4 -16 -24 -16  -4 
 -1  -4  -6  -4  -1 

  2   8  12   8   2 
  8  32  48  32   8 
 12  48  72  48  12 
  8  32  48  32   8 
  2   8  12   8   2 

  0   0   0   0   0 
  0   0   0   0   0 
  0   0   0   0   0 
  0   0   0   0   0 
  0   0   0   0   0 

 -2  -8 -12  -8  -2 
 -8 -32 -48 -32  -8 
-12 -48 -72 -48 -12 
 -8 -32 -48 -32  -8 
 -2  -8 -12  -8  -2 

  1   4   6   4   1 
  4  16  24  16   4 
  6  24  36  24   6 
  4  16  24  16   4 
  1   4   6   4   1 


W5L5E5 101
  1   2   0  -2  -1 
  4   8   0  -8  -4 
  6  12   0 -12  -6 
  4   8   0  -8  -4 
  1   2   0  -2  -1 

 -2  -4   0   4   2 
 -8 -16   0  16   8 
-12 -24   0  24  12 
 -8 -16   0  16   8 
 -2  -4   0   4   2 

  0   0   0   0   0 
  0   0   0   0   0 
  0   0   0   0   0 
  0   0   0   0   0 
  0   0   0   0   0 

  2   4   0  -4  -2 
  8  16   0 -16  -8 
 12  24   0 -24 -12 
  8  16   0 -16  -8 
  2   4   0  -4  -2 

 -1  -2   0   2   1 
 -4  -8   0   8   4 
 -6 -12   0  12   6 
 -4  -8   0   8   4 
 -1  -2   0   2   1 


W5L5S5 102
  1   0  -2   0   1 
  4   0  -8   0   4 
  6   0 -12   0   6 
  4   0  -8   0   4 
  1   0  -2   0   1 

 -2   0   4   0  -2 
 -8   0  16   0  -8 
-12   0  24   0 -12 
 -8   0  16   0  -8 
 -2   0   4   0  -2 

  0   0   0   0   0 
  0   0   0   0   0 
  0   0   0   0   0 
  0   0   0   0   0 
  0   0   0   0   0 

  2   0  -4   0   2 
  8   0 -16   0   8 
 12   0 -24   0  12 
  8   0 -16   0   8 
  2   0  -4   0   2 

 -1   0   2   0  -1 
 -4   0   8   0  -4 
 -6   0  12   0  -6 
 -4   0   8   0  -4 
 -1   0   2   0  -1 


W5L5R5 103
 -1   4  -6   4  -1 
 -4  16 -24  16  -4 
 -6  24 -36  24  -6 
 -4  16 -24  16  -4 
 -1   4  -6   4  -1 

  2  -8  12  -8   2 
  8 -32  48 -32   8 
 12 -48  72 -48  12 
  8 -32  48 -32   8 
  2  -8  12  -8   2 

  0   0   0   0   0 
  0   0   0   0   0 
  0   0   0   0   0 
  0   0   0   0   0 
  0   0   0   0   0 

 -2   8 -12   8  -2 
 -8  32 -48  32  -8 
-12  48 -72  48 -12 
 -8  32 -48  32  -8 
 -2   8 -12   8  -2 

  1  -4   6  -4   1 
  4 -16  24 -16   4 
  6 -24  36 -24   6 
  4 -16  24 -16   4 
  1  -4   6  -4   1 


W5L5W5 104
  1  -2   0   2  -1 
  4  -8   0   8  -4 
  6 -12   0  12  -6 
  4  -8   0   8  -4 
  1  -2   0   2  -1 

 -2   4   0  -4   2 
 -8  16   0 -16   8 
-12  24   0 -24  12 
 -8  16   0 -16   8 
 -2   4   0  -4   2 

  0   0   0   0   0 
  0   0   0   0   0 
  0   0   0   0   0 
  0   0   0   0   0 
  0   0   0   0   0 

  2  -4   0   4  -2 
  8 -16   0  16  -8 
 12 -24   0  24 -12 
  8 -16   0  16  -8 
  2  -4   0   4  -2 

 -1   2   0  -2   1 
 -4   8   0  -8   4 
 -6  12   0 -12   6 
 -4   8   0  -8   4 
 -1   2   0  -2   1 


W5E5L5 105
  1   4   6   4   1 
  2   8  12   8   2 
  0   0   0   0   0 
 -2  -8 -12  -8  -2 
 -1  -4  -6  -4  -1 

 -2  -8 -12  -8  -2 
 -4 -16 -24 -16  -4 
  0   0   0   0   0 
  4  16  24  16   4 
  2   8  12   8   2 

  0   0   0   0   0 
  0   0   0   0   0 
  0   0   0   0   0 
  0   0   0   0   0 
  0   0   0   0   0 

  2   8  12   8   2 
  4  16  24  16   4 
  0   0   0   0   0 
 -4 -16 -24 -16  -4 
 -2  -8 -12  -8  -2 

 -1  -4  -6  -4  -1 
 -2  -8 -12  -8  -2 
  0   0   0   0   0 
  2   8  12   8   2 
  1   4   6   4   1 


W5E5E5 106
 -1  -2   0   2   1 
 -2  -4   0   4   2 
  0   0   0   0   0 
  2   4   0  -4  -2 
  1   2   0  -2  -1 

  2   4   0  -4  -2 
  4   8   0  -8  -4 
  0   0   0   0   0 
 -4  -8   0   8   4 
 -2  -4   0   4   2 

  0   0   0   0   0 
  0   0   0   0   0 
  0   0   0   0   0 
  0   0   0   0   0 
  0   0   0   0   0 

 -2  -4   0   4   2 
 -4  -8   0   8   4 
  0   0   0   0   0 
  4   8   0  -8  -4 
  2   4   0  -4  -2 

  1   2   0  -2  -1 
  2   4   0  -4  -2 
  0   0   0   0   0 
 -2  -4   0   4   2 
 -1  -2   0   2   1 


W5E5S5 107
 -1   0   2   0  -1 
 -2   0   4   0  -2 
  0   0   0   0   0 
  2   0  -4   0   2 
  1   0  -2   0   1 

  2   0  -4   0   2 
  4   0  -8   0   4 
  0   0   0   0   0 
 -4   0   8   0  -4 
 -2   0   4   0  -2 

  0   0   0   0   0 
  0   0   0   0   0 
  0   0   0   0   0 
  0   0   0   0   0 
  0   0   0   0   0 

 -2   0   4   0  -2 
 -4   0   8   0  -4 
  0   0   0   0   0 
  4   0  -8   0   4 
  2   0  -4   0   2 

  1   0  -2   0   1 
  2   0  -4   0   2 
  0   0   0   0   0 
 -2   0   4   0  -2 
 -1   0   2   0  -1 


W5E5R5 108
  1  -4   6  -4   1 
  2  -8  12  -8   2 
  0   0   0   0   0 
 -2   8 -12   8  -2 
 -1   4  -6   4  -1 

 -2   8 -12   8  -2 
 -4  16 -24  16  -4 
  0   0   0   0   0 
  4 -16  24 -16   4 
  2  -8  12  -8   2 

  0   0   0   0   0 
  0   0   0   0   0 
  0   0   0   0   0 
  0   0   0   0   0 
  0   0   0   0   0 

  2  -8  12  -8   2 
  4 -16  24 -16   4 
  0   0   0   0   0 
 -4  16 -24  16  -4 
 -2   8 -12   8  -2 

 -1   4  -6   4  -1 
 -2   8 -12   8  -2 
  0   0   0   0   0 
  2  -8  12  -8   2 
  1  -4   6  -4   1 


W5E5W5 109
 -1   2   0  -2   1 
 -2   4   0  -4   2 
  0   0   0   0   0 
  2  -4   0   4  -2 
  1  -2   0   2  -1 

  2  -4   0   4  -2 
  4  -8   0   8  -4 
  0   0   0   0   0 
 -4   8   0  -8   4 
 -2   4   0  -4   2 

  0   0   0   0   0 
  0   0   0   0   0 
  0   0   0   0   0 
  0   0   0   0   0 
  0   0   0   0   0 

 -2   4   0  -4   2 
 -4   8   0  -8   4 
  0   0   0   0   0 
  4  -8   0   8  -4 
  2  -4   0   4  -2 

  1  -2   0   2  -1 
  2  -4   0   4  -2 
  0   0   0   0   0 
 -2   4   0  -4   2 
 -1   2   0  -2   1 


W5S5L5 110
  1   4   6   4   1 
  0   0   0   0   0 
 -2  -8 -12  -8  -2 
  0   0   0   0   0 
  1   4   6   4   1 

 -2  -8 -12  -8  -2 
  0   0   0   0   0 
  4  16  24  16   4 
  0   0   0   0   0 
 -2  -8 -12  -8  -2 

  0   0   0   0   0 
  0   0   0   0   0 
  0   0   0   0   0 
  0   0   0   0   0 
  0   0   0   0   0 

  2   8  12   8   2 
  0   0   0   0   0 
 -4 -16 -24 -16  -4 
  0   0   0   0   0 
  2   8  12   8   2 

 -1  -4  -6  -4  -1 
  0   0   0   0   0 
  2   8  12   8   2 
  0   0   0   0   0 
 -1  -4  -6  -4  -1 


W5S5E5 111
 -1  -2   0   2   1 
  0   0   0   0   0 
  2   4   0  -4  -2 
  0   0   0   0   0 
 -1  -2   0   2   1 

  2   4   0  -4  -2 
  0   0   0   0   0 
 -4  -8   0   8   4 
  0   0   0   0   0 
  2   4   0  -4  -2 

  0   0   0   0   0 
  0   0   0   0   0 
  0   0   0   0   0 
  0   0   0   0   0 
  0   0   0   0   0 

 -2  -4   0   4   2 
  0   0   0   0   0 
  4   8   0  -8  -4 
  0   0   0   0   0 
 -2  -4   0   4   2 

  1   2   0  -2  -1 
  0   0   0   0   0 
 -2  -4   0   4   2 
  0   0   0   0   0 
  1   2   0  -2  -1 


W5S5S5 112
 -1   0   2   0  -1 
  0   0   0   0   0 
  2   0  -4   0   2 
  0   0   0   0   0 
 -1   0   2   0  -1 

  2   0  -4   0   2 
  0   0   0   0   0 
 -4   0   8   0  -4 
  0   0   0   0   0 
  2   0  -4   0   2 

  0   0   0   0   0 
  0   0   0   0   0 
  0   0   0   0   0 
  0   0   0   0   0 
  0   0   0   0   0 

 -2   0   4   0  -2 
  0   0   0   0   0 
  4   0  -8   0   4 
  0   0   0   0   0 
 -2   0   4   0  -2 

  1   0  -2   0   1 
  0   0   0   0   0 
 -2   0   4   0  -2 
  0   0   0   0   0 
  1   0  -2   0   1 


W5S5R5 113
  1  -4   6  -4   1 
  0   0   0   0   0 
 -2   8 -12   8  -2 
  0   0   0   0   0 
  1  -4   6  -4   1 

 -2   8 -12   8  -2 
  0   0   0   0   0 
  4 -16  24 -16   4 
  0   0   0   0   0 
 -2   8 -12   8  -2 

  0   0   0   0   0 
  0   0   0   0   0 
  0   0   0   0   0 
  0   0   0   0   0 
  0   0   0   0   0 

  2  -8  12  -8   2 
  0   0   0   0   0 
 -4  16 -24  16  -4 
  0   0   0   0   0 
  2  -8  12  -8   2 

 -1   4  -6   4  -1 
  0   0   0   0   0 
  2  -8  12  -8   2 
  0   0   0   0   0 
 -1   4  -6   4  -1 


W5S5W5 114
 -1   2   0  -2   1 
  0   0   0   0   0 
  2  -4   0   4  -2 
  0   0   0   0   0 
 -1   2   0  -2   1 

  2  -4   0   4  -2 
  0   0   0   0   0 
 -4   8   0  -8   4 
  0   0   0   0   0 
  2  -4   0   4  -2 

  0   0   0   0   0 
  0   0   0   0   0 
  0   0   0   0   0 
  0   0   0   0   0 
  0   0   0   0   0 

 -2   4   0  -4   2 
  0   0   0   0   0 
  4  -8   0   8  -4 
  0   0   0   0   0 
 -2   4   0  -4   2 

  1  -2   0   2  -1 
  0   0   0   0   0 
 -2   4   0  -4   2 
  0   0   0   0   0 
  1  -2   0   2  -1 


W5R5L5 115
 -1  -4  -6  -4  -1 
  4  16  24  16   4 
 -6 -24 -36 -24  -6 
  4  16  24  16   4 
 -1  -4  -6  -4  -1 

  2   8  12   8   2 
 -8 -32 -48 -32  -8 
 12  48  72  48  12 
 -8 -32 -48 -32  -8 
  2   8  12   8   2 

  0   0   0   0   0 
  0   0   0   0   0 
  0   0   0   0   0 
  0   0   0   0   0 
  0   0   0   0   0 

 -2  -8 -12  -8  -2 
  8  32  48  32   8 
-12 -48 -72 -48 -12 
  8  32  48  32   8 
 -2  -8 -12  -8  -2 

  1   4   6   4   1 
 -4 -16 -24 -16  -4 
  6  24  36  24   6 
 -4 -16 -24 -16  -4 
  1   4   6   4   1 


W5R5E5 116
  1   2   0  -2  -1 
 -4  -8   0   8   4 
  6  12   0 -12  -6 
 -4  -8   0   8   4 
  1   2   0  -2  -1 

 -2  -4   0   4   2 
  8  16   0 -16  -8 
-12 -24   0  24  12 
  8  16   0 -16  -8 
 -2  -4   0   4   2 

  0   0   0   0   0 
  0   0   0   0   0 
  0   0   0   0   0 
  0   0   0   0   0 
  0   0   0   0   0 

  2   4   0  -4  -2 
 -8 -16   0  16   8 
 12  24   0 -24 -12 
 -8 -16   0  16   8 
  2   4   0  -4  -2 

 -1  -2   0   2   1 
  4   8   0  -8  -4 
 -6 -12   0  12   6 
  4   8   0  -8  -4 
 -1  -2   0   2   1 


W5R5S5 117
  1   0  -2   0   1 
 -4   0   8   0  -4 
  6   0 -12   0   6 
 -4   0   8   0  -4 
  1   0  -2   0   1 

 -2   0   4   0  -2 
  8   0 -16   0   8 
-12   0  24   0 -12 
  8   0 -16   0   8 
 -2   0   4   0  -2 

  0   0   0   0   0 
  0   0   0   0   0 
  0   0   0   0   0 
  0   0   0   0   0 
  0   0   0   0   0 

  2   0  -4   0   2 
 -8   0  16   0  -8 
 12   0 -24   0  12 
 -8   0  16   0  -8 
  2   0  -4   0   2 

 -1   0   2   0  -1 
  4   0  -8   0   4 
 -6   0  12   0  -6 
  4   0  -8   0   4 
 -1   0   2   0  -1 


W5R5R5 118
 -1   4  -6   4  -1 
  4 -16  24 -16   4 
 -6  24 -36  24  -6 
  4 -16  24 -16   4 
 -1   4  -6   4  -1 

  2  -8  12  -8   2 
 -8  32 -48  32  -8 
 12 -48  72 -48  12 
 -8  32 -48  32  -8 
  2  -8  12  -8   2 

  0   0   0   0   0 
  0   0   0   0   0 
  0   0   0   0   0 
  0   0   0   0   0 
  0   0   0   0   0 

 -2   8 -12   8  -2 
  8 -32  48 -32   8 
-12  48 -72  48 -12 
  8 -32  48 -32   8 
 -2   8 -12   8  -2 

  1  -4   6  -4   1 
 -4  16 -24  16  -4 
  6 -24  36 -24   6 
 -4  16 -24  16  -4 
  1  -4   6  -4   1 


W5R5W5 119
  1  -2   0   2  -1 
 -4   8   0  -8   4 
  6 -12   0  12  -6 
 -4   8   0  -8   4 
  1  -2   0   2  -1 

 -2   4   0  -4   2 
  8 -16   0  16  -8 
-12  24   0 -24  12 
  8 -16   0  16  -8 
 -2   4   0  -4   2 

  0   0   0   0   0 
  0   0   0   0   0 
  0   0   0   0   0 
  0   0   0   0   0 
  0   0   0   0   0 

  2  -4   0   4  -2 
 -8  16   0 -16   8 
 12 -24   0  24 -12 
 -8  16   0 -16   8 
  2  -4   0   4  -2 

 -1   2   0  -2   1 
  4  -8   0   8  -4 
 -6  12   0 -12   6 
  4  -8   0   8  -4 
 -1   2   0  -2   1 


W5W5L5 120
  1   4   6   4   1 
 -2  -8 -12  -8  -2 
  0   0   0   0   0 
  2   8  12   8   2 
 -1  -4  -6  -4  -1 

 -2  -8 -12  -8  -2 
  4  16  24  16   4 
  0   0   0   0   0 
 -4 -16 -24 -16  -4 
  2   8  12   8   2 

  0   0   0   0   0 
  0   0   0   0   0 
  0   0   0   0   0 
  0   0   0   0   0 
  0   0   0   0   0 

  2   8  12   8   2 
 -4 -16 -24 -16  -4 
  0   0   0   0   0 
  4  16  24  16   4 
 -2  -8 -12  -8  -2 

 -1  -4  -6  -4  -1 
  2   8  12   8   2 
  0   0   0   0   0 
 -2  -8 -12  -8  -2 
  1   4   6   4   1 


W5W5E5 121
 -1  -2   0   2   1 
  2   4   0  -4  -2 
  0   0   0   0   0 
 -2  -4   0   4   2 
  1   2   0  -2  -1 

  2   4   0  -4  -2 
 -4  -8   0   8   4 
  0   0   0   0   0 
  4   8   0  -8  -4 
 -2  -4   0   4   2 

  0   0   0   0   0 
  0   0   0   0   0 
  0   0   0   0   0 
  0   0   0   0   0 
  0   0   0   0   0 

 -2  -4   0   4   2 
  4   8   0  -8  -4 
  0   0   0   0   0 
 -4  -8   0   8   4 
  2   4   0  -4  -2 

  1   2   0  -2  -1 
 -2  -4   0   4   2 
  0   0   0   0   0 
  2   4   0  -4  -2 
 -1  -2   0   2   1 


W5W5S5 122
 -1   0   2   0  -1 
  2   0  -4   0   2 
  0   0   0   0   0 
 -2   0   4   0  -2 
  1   0  -2   0   1 

  2   0  -4   0   2 
 -4   0   8   0  -4 
  0   0   0   0   0 
  4   0  -8   0   4 
 -2   0   4   0  -2 

  0   0   0   0   0 
  0   0   0   0   0 
  0   0   0   0   0 
  0   0   0   0   0 
  0   0   0   0   0 

 -2   0   4   0  -2 
  4   0  -8   0   4 
  0   0   0   0   0 
 -4   0   8   0  -4 
  2   0  -4   0   2 

  1   0  -2   0   1 
 -2   0   4   0  -2 
  0   0   0   0   0 
  2   0  -4   0   2 
 -1   0   2   0  -1 


W5W5R5 123
  1  -4   6  -4   1 
 -2   8 -12   8  -2 
  0   0   0   0   0 
  2  -8  12  -8   2 
 -1   4  -6   4  -1 

 -2   8 -12   8  -2 
  4 -16  24 -16   4 
  0   0   0   0   0 
 -4  16 -24  16  -4 
  2  -8  12  -8   2 

  0   0   0   0   0 
  0   0   0   0   0 
  0   0   0   0   0 
  0   0   0   0   0 
  0   0   0   0   0 

  2  -8  12  -8   2 
 -4  16 -24  16  -4 
  0   0   0   0   0 
  4 -16  24 -16   4 
 -2   8 -12   8  -2 

 -1   4  -6   4  -1 
  2  -8  12  -8   2 
  0   0   0   0   0 
 -2   8 -12   8  -2 
  1  -4   6  -4   1 


W5W5W5 124
 -1   2   0  -2   1 
  2  -4   0   4  -2 
  0   0   0   0   0 
 -2   4   0  -4   2 
  1  -2   0   2  -1 

  2  -4   0   4  -2 
 -4   8   0  -8   4 
  0   0   0   0   0 
  4  -8   0   8  -4 
 -2   4   0  -4   2 

  0   0   0   0   0 
  0   0   0   0   0 
  0   0   0   0   0 
  0   0   0   0   0 
  0   0   0   0   0 

 -2   4   0  -4   2 
  4  -8   0   8  -4 
  0   0   0   0   0 
 -4   8   0  -8   4 
  2  -4   0   4  -2 

  1  -2   0   2  -1 
 -2   4   0  -4   2 
  0   0   0   0   0 
  2  -4   0   4  -2 
 -1   2   0  -2   1 

